7.198652 -0.0011560 0.0020710 0.0004308 -0.9081490 -0.1291032 -0.0000765 0.3982434
7.331963 0.0007749 0.0015943 0.0004169 -0.9008634 -0.1552563 0.0066657 0.4053347
7.598579 0.0037926 0.0012090 0.0004278 -0.8901055 -0.1975908 0.0290158 0.4096685
7.865194 0.0053609 0.0027547 0.0006099 -0.8835564 -0.2132041 0.0448479 0.4145610
8.131809 0.0060156 0.0050431 0.0007376 -0.8769724 -0.2168626 0.0358582 0.4273221
8.665048 0.0117749 0.0076661 -0.0000822 -0.8700678 -0.2611338 0.0697659 0.4122183
8.931663 0.0160702 0.0086282 -0.0002514 -0.8559120 -0.2983856 0.0812798 0.4144567
9.464897 0.0184531 0.0104071 -0.0000574 -0.8640891 -0.2767713 0.0772993 0.4132465
9.731514 0.0185980 0.0106876 -0.0002433 -0.8683156 -0.2633270 0.0621232 0.4157254
9.998131 0.0206592 0.0116737 -0.0002362 -0.8703648 -0.2653744 0.0621573 0.4100950
12.397683 0.0313931 0.0237737 0.0001107 -0.7617118 -0.4652388 0.2025831 0.4028748
13.730767 0.0346814 0.0298725 0.0004527 -0.6443225 -0.6192241 0.2947322 0.3384419
14.797235 0.0311556 0.0309161 0.0004682 -0.6361935 -0.6362659 0.2806022 0.3341946
15.063850 0.0308050 0.0308778 0.0003782 -0.6383551 -0.6355417 0.2769597 0.3344891
15.330468 0.0302746 0.0308403 0.0002283 -0.6406694 -0.6351404 0.2745385 0.3328183
15.597083 0.0300210 0.0316728 0.0004484 -0.6276346 -0.6481363 0.2832528 0.3252107
16.396936 0.0307602 0.0427999 0.0003951 -0.5146742 -0.7325538 0.3512362 0.2740594
16.663552 0.0299560 0.0457110 0.0003887 -0.5011572 -0.7417569 0.3567410 0.2671593
16.930170 0.0276218 0.0472600 0.0004897 -0.5022776 -0.7407908 0.3521865 0.2736988
18.263252 0.0233565 0.0619933 0.0008699 -0.3830392 -0.7979007 0.3899679 0.2540878
18.529870 0.0222851 0.0636701 0.0007078 -0.3891741 -0.7963896 0.3918129 0.2465558
18.796492 0.0196839 0.0647949 0.0002091 -0.3922807 -0.7984756 0.3808301 0.2520339
19.063103 0.0176924 0.0657947 0.0001244 -0.3884925 -0.8022726 0.3804657 0.2463296
20.929422 0.0077529 0.0813030 -0.0000557 -0.2686184 -0.8572576 0.3967848 0.1884552
21.729275 0.0040888 0.0927482 0.0003598 -0.1649208 -0.8791656 0.4230349 0.1446040
21.995888 0.0023634 0.0927066 -0.0000019 -0.1620524 -0.8796866 0.4217263 0.1484502
23.862217 -0.0083610 0.0955019 0.0002761 0.0257700 -0.8870280 0.4578148 0.0540638
24.128827 -0.0085713 0.0952998 0.0001993 0.0227686 -0.8900174 0.4532643 0.0436137
24.662060 -0.0084924 0.0950354 0.0004347 0.0384686 -0.8921237 0.4475650 0.0481769
25.195298 -0.0086158 0.0945007 0.0007437 0.0610795 -0.8976582 0.4343005 0.0431536
25.995179 -0.0200565 0.0960527 0.0006023 0.1844415 -0.8772689 0.4408725 -0.0448574
26.794998 -0.0234053 0.0919361 -0.0005247 0.1889399 -0.8811056 0.4292293 -0.0609658
27.861462 -0.0338245 0.0889687 -0.0008771 0.2410208 -0.8716173 0.4227699 -0.0588046
28.128081 -0.0333009 0.0879488 -0.0011832 0.2284671 -0.8759036 0.4223541 -0.0470391
29.194546 -0.0438445 0.0860369 -0.0011794 0.3454635 -0.8397830 0.4012029 -0.1202321
29.461166 -0.0467545 0.0855248 -0.0009537 0.3626939 -0.8343915 0.3937418 -0.1311920
29.727777 -0.0467103 0.0841910 -0.0010777 0.3755340 -0.8280205 0.3902085 -0.1452367
30.261015 -0.0448272 0.0825439 -0.0010758 0.4013802 -0.8118827 0.3956299 -0.1523730
30.527629 -0.0443275 0.0816943 -0.0007817 0.4042595 -0.8097674 0.3981076 -0.1495375
31.694078 -0.0511544 0.0583814 -0.0012075 0.5138570 -0.7293139 0.3913508 -0.2256032
31.994024 -0.0585130 0.0480611 -0.0007115 0.5583139 -0.6915599 0.3863547 -0.2464968
32.293982 -0.0550594 0.0390376 -0.0024614 0.5782762 -0.6747482 0.3757623 -0.2628961
32.560581 -0.0470740 0.0308551 -0.0017598 0.5929885 -0.6600153 0.3780898 -0.2641829
33.093817 -0.0389911 0.0163777 -0.0032702 0.6017340 -0.6545743 0.3626839 -0.2791221
33.627051 -0.0347879 -0.0155112 -0.0019260 -0.6745189 0.5699610 -0.3393698 0.3240322
33.893667 -0.0329688 -0.0251176 -0.0021226 -0.6957001 0.5437762 -0.3245700 0.3390622
34.226938 -0.0229155 -0.0316759 -0.0026099 -0.7119596 0.5245356 -0.3117458 0.3475496
34.760173 -0.0058051 -0.0427160 -0.0035948 -0.7337588 0.5050989 -0.3074034 0.3346285
35.026789 0.0004019 -0.0505976 -0.0050988 -0.7498804 0.4844755 -0.2843605 0.3494309
35.526709 0.0075841 -0.0654970 -0.0061107 -0.8052790 0.3851318 -0.2239198 0.3912279
36.826453 0.0319476 -0.0984954 -0.0064277 -0.8324122 0.3288607 -0.2089507 0.3940561
37.059741 0.0333034 -0.1132802 -0.0056076 -0.8374779 0.2981459 -0.2107834 0.4065834
37.326360 0.0368817 -0.1250584 -0.0046730 -0.8333721 0.3022747 -0.2081777 0.4132590
37.892918 0.0495884 -0.1334118 -0.0072780 -0.8439988 0.3220864 -0.2162803 0.3703366
38.159535 0.0547559 -0.1396897 -0.0094524 -0.8459942 0.3323220 -0.2021555 0.3646766
38.659449 0.0626641 -0.1636028 -0.0090543 -0.8827177 0.2073031 -0.1674470 0.3870354
38.926061 0.0656223 -0.1735355 -0.0075160 -0.8869519 0.1778800 -0.1518659 0.3982611
39.192676 0.0696883 -0.1734916 -0.0073885 -0.8907126 0.1577463 -0.1358534 0.4040930
39.425967 0.0718074 -0.1715582 -0.0068776 -0.8946170 0.1445368 -0.1312575 0.4019216
39.692583 0.0752810 -0.1715624 -0.0083850 -0.8994135 0.1352118 -0.1207007 0.3977493
40.225822 0.0821193 -0.1892117 -0.0052933 -0.8989387 -0.0067390 -0.0552088 0.4345295
40.525760 0.0850278 -0.1996961 -0.0034225 -0.8912273 -0.0551851 -0.0387566 0.4485158
40.792377 0.0834377 -0.1984286 -0.0032178 -0.8802218 -0.0703002 -0.0296063 0.4683919
41.058998 0.0816474 -0.1970025 -0.0024393 -0.8805900 -0.0746579 -0.0326919 0.4668176
41.325617 0.0804406 -0.1942813 -0.0028664 -0.8800566 -0.0694294 -0.0405104 0.4680158
41.558901 0.0797342 -0.1929784 -0.0028835 -0.8827313 -0.0721632 -0.0404745 0.4625363
41.858844 0.0768642 -0.1922586 -0.0015306 -0.8811797 -0.0717898 -0.0445246 0.4651732
42.492059 0.0687977 -0.1892533 -0.0004062 -0.8881735 -0.0555099 -0.0598520 0.4521995
42.858659 0.0676717 -0.1821038 0.0032832 -0.8916869 -0.0363849 -0.0666457 0.4462388
43.191928 0.0516945 0.0336486 0.0121699 -0.9025353 -0.0081449 -0.0789588 0.4232368
43.491877 0.1406479 0.1184889 0.0035661 -0.9021575 -0.0473280 -0.0514729 0.4257022
44.058436 0.2823704 0.1962200 0.0206470 -0.8975977 -0.1402539 0.0009969 0.4179069
44.391707 0.2743354 0.2821325 0.0245092 -0.8906295 -0.1631856 0.0105430 0.4243094
44.724976 0.2894029 0.3642021 0.0103503 -0.8920238 -0.1608815 0.0018175 0.4223830
45.058257 0.3082649 0.4282455 -0.0112615 -0.8863534 -0.1993985 0.0275615 0.4169631
45.358193 0.2896806 0.4695138 -0.0024007 -0.8759263 -0.2360816 0.0429123 0.4185416
47.291163 0.3245213 0.6457350 -0.0091684 -0.7742485 -0.4531495 0.1771640 0.4047318
47.824397 0.3234732 0.6182666 0.0078804 -0.7810320 -0.4254026 0.1386412 0.4356607
48.190996 0.3238487 0.6061759 0.0058274 -0.7892057 -0.4164193 0.1245396 0.4338656
48.557597 0.3376830 0.6085558 0.0071514 -0.7895690 -0.4073769 0.1296747 0.4402378
49.290790 0.4828834 0.7004680 0.0149458 -0.7270283 -0.4951053 0.1930785 0.4347658
49.557409 0.4778655 0.7321748 0.0170050 -0.7171866 -0.5047689 0.2225303 0.4258309
49.824029 0.4479885 0.7701530 0.0103025 -0.6946855 -0.5365669 0.2311403 0.4196215
50.090648 0.4369233 0.8178276 0.0094736 -0.6986325 -0.5319323 0.2354231 0.4165773
50.357263 0.4420856 0.8685020 -0.0016397 -0.6928098 -0.5468420 0.2498829 0.3981670
50.857163 0.5146377 1.0022166 -0.0004740 -0.6280690 -0.6104691 0.2780115 0.3944190
51.123788 0.5220698 1.0555216 -0.0002200 -0.6259573 -0.6149784 0.2944785 0.3784989
51.423723 0.4924267 1.1002867 0.0016432 -0.6336911 -0.6128084 0.2948548 0.3687305
51.690343 0.4722670 1.1486434 0.0028573 -0.6435470 -0.6029543 0.3009814 0.3629100
52.690155 0.4851279 1.3713100 -0.0039391 -0.5009062 -0.7154712 0.3852260 0.2979846
54.056566 0.3957953 1.5677145 -0.0148940 -0.4494606 -0.7465894 0.3879309 0.3001651
54.289855 0.3983207 1.6368669 -0.0183445 -0.4281654 -0.7595984 0.3951173 0.2890798
54.556474 0.3946002 1.6777685 -0.0153541 -0.4088201 -0.7711231 0.4070221 0.2693853
54.789765 0.3614918 1.6898749 -0.0231184 -0.3830822 -0.7872978 0.4198721 0.2389927
55.756248 0.2902462 1.7547463 -0.0102504 -0.2855189 -0.8123035 0.4638619 0.2085043
56.456122 0.2716587 1.7922426 -0.0305706 -0.1992357 -0.8417260 0.4797257 0.1471929
56.756064 0.2321732 1.7745731 -0.0299129 -0.1758896 -0.8534598 0.4657635 0.1540575
56.989354 0.2053904 1.7699411 -0.0320162 -0.1528538 -0.8645858 0.4577982 0.1398136
58.122472 0.0218741 1.8635696 -0.0365621 0.0560095 -0.8574460 0.5097570 0.0423905
58.489072 -0.0163755 1.8274710 -0.0351115 0.0511108 -0.8602598 0.5056719 0.0404565
58.822345 -0.0583910 1.8121661 -0.0372658 0.0571676 -0.8628286 0.5011701 0.0329740
59.688846 -0.2513000 1.8417491 -0.0588632 0.1128214 -0.8656163 0.4875075 -0.0177839
59.988793 -0.2764524 1.8122678 -0.0552998 0.1577331 -0.8574277 0.4893557 -0.0216589
60.522027 -0.3184991 1.7621207 -0.0436395 0.1611481 -0.8496248 0.5016884 -0.0218632
60.821971 -0.3430533 1.7597551 -0.0439072 0.2064913 -0.8428793 0.4952443 -0.0406068
61.121920 -0.3701970 1.7719245 -0.0414251 0.2422110 -0.8287386 0.5005128 -0.0633484
61.388532 -0.3947335 1.7807733 -0.0455101 0.2699173 -0.8166690 0.5028702 -0.0855453
61.655157 -0.4047898 1.7619379 -0.0571980 0.2915389 -0.8154461 0.4900316 -0.0996089
63.054888 -0.5102125 1.5169851 -0.0640930 0.5146075 -0.6987906 0.4566908 -0.1957152
63.354833 -0.5426464 1.4547797 -0.0627559 0.5177392 -0.6984829 0.4497573 -0.2044166
64.021371 -0.4932253 1.3157237 -0.0500941 0.5206366 -0.7044603 0.4528359 -0.1661715
64.321316 -0.4816030 1.2817206 -0.0565279 0.5349301 -0.7012497 0.4373913 -0.1754637
64.587935 -0.4794509 1.2278279 -0.0643710 0.5562565 -0.6917511 0.4148755 -0.1998434
64.854552 -0.4936672 1.1459677 -0.0528893 0.5793020 -0.6652972 0.4164084 -0.2199839
65.387784 -0.4816162 1.0370088 -0.0502619 -0.6245342 0.6210229 -0.3944201 0.2621457
65.687734 -0.4470214 0.9900331 -0.0493913 -0.6383053 0.6092611 -0.3897612 0.2635402
66.254288 -0.4220762 0.8741878 -0.0501923 -0.6943725 0.5578333 -0.3554131 0.2834617
66.554234 -0.4513998 0.7779109 -0.0408743 -0.7341074 0.5074170 -0.3339294 0.3034888
66.854179 -0.4686145 0.7091701 -0.0280815 -0.7428716 0.4900587 -0.3292396 0.3155719
67.120795 -0.4462636 0.6595970 -0.0231055 -0.7386217 0.4972782 -0.3032338 0.3394138
67.420743 -0.3959879 0.6282949 -0.0295334 -0.7647873 0.4675345 -0.2980648 0.3281300
67.687352 -0.3526327 0.6042327 -0.0273708 -0.7782269 0.4568295 -0.2834850 0.3245089
67.953973 -0.3308131 0.5799734 -0.0314553 -0.8179523 0.3897230 -0.2406677 0.3480648
68.253915 -0.3108884 0.4844348 -0.0398613 -0.8508941 0.3014584 -0.1904990 0.3857618
68.553866 -0.2964940 0.3679883 -0.0301192 -0.8642682 0.2896897 -0.1830577 0.3682528
68.887130 -0.3013233 0.3276643 -0.0182578 -0.8647714 0.2586860 -0.1907246 0.3858448
69.153746 -0.3037292 0.3301941 -0.0160223 -0.8702318 0.2393837 -0.1822627 0.3900928
69.553677 -0.3087158 0.3475161 -0.0163851 -0.8766678 0.2270354 -0.1766802 0.3856069
69.853621 -0.3119200 0.3665147 -0.0214483 -0.8812262 0.2109930 -0.1665659 0.3888163
70.153560 -0.3042960 0.3642201 -0.0202371 -0.8913369 0.1521253 -0.1427542 0.4024895
70.420177 -0.2984043 0.3370247 -0.0173348 -0.8980637 0.1056845 -0.1283257 0.4072406
70.720122 -0.2966435 0.3145223 -0.0057495 -0.8883787 0.1015243 -0.1217015 0.4308884
71.020068 -0.3125637 0.3364422 0.0012814 -0.8806567 0.0898756 -0.1133770 0.4511228
71.353339 -0.3180217 0.3799540 0.0049306 -0.8722072 0.0746829 -0.1239182 0.4672487
71.653281 -0.3242475 0.4011790 0.0105042 -0.8734165 0.0695353 -0.1323096 0.4634680
71.953227 -0.3226983 0.4077252 0.0109957 -0.8804898 0.0793548 -0.1351334 0.4474143
72.286500 -0.3157871 0.4119602 0.0026841 -0.8902416 0.0908506 -0.1309913 0.4266818
72.819731 -0.3120542 0.4146751 0.0030462 -0.8909175 0.0899993 -0.1324460 0.4249991
