0.000000 0.0000000 0.0000000 0.0000000 -0.0000000 -0.0000000 -0.0000000 1.0000000
0.499904 -0.0038714 -0.0015009 -0.0008981 0.0251412 0.0588156 -0.0444787 0.9969605
0.599888 -0.0037570 -0.0015673 -0.0011768 0.0255799 0.0433178 -0.0376001 0.9980258
9.398241 0.0530439 -0.0128657 0.0130946 0.0498918 -0.1446223 -0.1918069 0.9694356
10.098110 0.0620648 -0.0149375 0.0152887 0.0462752 -0.1320708 -0.1741294 0.9747281
10.331400 0.0705145 -0.0158503 0.0176066 0.0433567 -0.1628928 -0.1856866 0.9680427
10.564690 0.0745475 -0.0179543 0.0204501 0.0418746 -0.1846079 -0.1959634 0.9621667
11.097924 0.0711765 -0.0235149 0.0262276 0.0448849 -0.2261012 -0.2356374 0.9441073
11.364547 0.0707270 -0.0253579 0.0272050 0.0468834 -0.2431401 -0.2576711 0.9339649
11.864453 0.0783238 -0.0295401 0.0309641 0.0603081 -0.2997413 -0.2986264 0.9040688
12.630974 0.0840527 -0.0310316 0.0317012 0.0744848 -0.3171124 -0.3174135 0.8905843
13.830748 0.0941525 -0.0417512 0.0416163 0.0785530 -0.4942626 -0.4343094 0.7489387
14.497294 0.0895256 -0.0444017 0.0443709 0.0690674 -0.4919474 -0.4327581 0.7522885
15.597083 0.0832683 -0.0449775 0.0454193 0.0665216 -0.4865477 -0.4583300 0.7407967
16.996823 0.0799517 -0.0706681 0.0702228 0.0703364 -0.5894045 -0.5211714 0.6132174
18.129944 0.0757635 -0.0917649 0.0905354 0.1008168 -0.6421593 -0.5695766 0.5030407
18.496544 0.0737143 -0.0966549 0.0954975 0.0903792 -0.6503227 -0.5656000 0.4990076
18.896474 0.0659472 -0.0992971 0.1002057 0.0882639 -0.6407735 -0.5720925 0.5043103
21.595964 0.0393845 -0.1433601 0.1437111 0.0917470 -0.7160411 -0.6386436 0.2664620
22.095870 0.0326714 -0.1452074 0.1459357 0.0805581 -0.7219082 -0.6376965 0.2563242
23.262320 0.0145757 -0.1577773 0.1547758 0.0859958 -0.7539813 -0.6458947 0.0832887
23.562263 0.0120402 -0.1548112 0.1534465 0.0729300 -0.7589953 -0.6456528 0.0417120
24.095496 0.0104606 -0.1539205 0.1525138 0.0641652 -0.7577909 -0.6479245 0.0427746
24.362119 0.0107424 -0.1528366 0.1513473 0.0660172 -0.7529259 -0.6538440 0.0351055
26.128483 -0.0168059 -0.1541576 0.1524120 -0.0360743 0.7458684 0.6472636 0.1530646
26.528374 -0.0185748 -0.1497879 0.1499737 -0.0354169 0.7439051 0.6506516 0.1483351
26.794998 -0.0235799 -0.1479218 0.1491611 -0.0294047 0.7388648 0.6553560 0.1540214
29.427833 -0.0780312 -0.1417585 0.1416346 -0.0262103 0.6915334 0.6326365 0.3476574
29.794433 -0.0782737 -0.1387166 0.1388986 -0.0190749 0.6867820 0.6233813 0.3733129
30.261015 -0.0754295 -0.1371005 0.1364265 -0.0232927 0.6838590 0.6118411 0.3967931
32.427273 -0.0868621 -0.1174511 0.1136043 0.0046721 0.6112607 0.4895186 0.6218601
33.960327 -0.0774921 -0.0877510 0.0827907 0.0395815 0.5167159 0.3992420 0.7563358
41.092323 -0.0019983 0.0032221 -0.0050110 0.0976765 0.0068842 -0.0637761 0.9931488
41.592229 -0.0025197 0.0024020 -0.0040777 0.0923848 0.0143059 -0.0617514 0.9937038
46.457991 0.0682604 -0.0262862 0.0305149 0.0870794 -0.3009244 -0.3450938 0.8847440
47.857727 0.0741632 -0.0336047 0.0324352 0.1367815 -0.3768435 -0.3901057 0.8289133
48.957523 0.0885359 -0.0411671 0.0395197 0.1416267 -0.4197016 -0.3969547 0.8038777
49.457426 0.0959812 -0.0504999 0.0476225 0.1513244 -0.4746537 -0.4235478 0.7565792
49.957337 0.0861717 -0.0576228 0.0545825 0.1515521 -0.5069026 -0.4449152 0.7225871
50.490567 0.0853708 -0.0683327 0.0674652 0.1336733 -0.5369511 -0.4678036 0.6891841
50.990473 0.0897169 -0.0847817 0.0832572 0.1437764 -0.5754195 -0.5014860 0.6298671
51.590366 0.0787424 -0.0936280 0.0914493 0.1296095 -0.5763112 -0.4948347 0.6373425
53.090080 0.0612521 -0.1226009 0.1204285 0.1249258 -0.6759811 -0.5646554 0.4567356
53.623313 0.0532943 -0.1262701 0.1249825 0.1314244 -0.6652912 -0.5578042 0.4785078
54.089895 0.0483776 -0.1385603 0.1361591 0.1264771 -0.7002726 -0.5764688 0.4016287
54.589804 0.0430496 -0.1483756 0.1457638 0.1109474 -0.7206417 -0.5885469 0.3492545
55.089706 0.0316733 -0.1489644 0.1457248 0.1078473 -0.7357708 -0.6027371 0.2893414
56.522774 0.0201079 -0.1560518 0.1535174 0.0788959 -0.7762647 -0.6178848 0.0969900
58.389090 -0.0206476 -0.1539969 0.1490577 -0.0723416 0.7747825 0.5999880 0.1857232
59.022310 -0.0336390 -0.1488829 0.1440672 -0.0571433 0.7704897 0.6003416 0.2065679
59.455559 -0.0517173 -0.1476629 0.1440741 -0.0444437 0.7608650 0.6030487 0.2354600
59.855483 -0.0577003 -0.1451745 0.1418030 -0.0298618 0.7474646 0.6031941 0.2766981
60.255408 -0.0611890 -0.1402816 0.1345934 -0.0624578 0.7540632 0.5859751 0.2900359
60.688663 -0.0640245 -0.1370770 0.1310640 -0.0453310 0.7444028 0.5816607 0.3247773
61.155250 -0.0707501 -0.1383853 0.1307784 -0.0364468 0.7339988 0.5551680 0.3894944
61.621821 -0.0751675 -0.1359291 0.1306663 -0.0244323 0.7136847 0.5467327 0.4371962
63.088213 -0.0812938 -0.1056712 0.1018712 -0.0082495 0.6076991 0.4303801 0.6673880
63.588122 -0.0783550 -0.0942173 0.0920230 -0.0124956 0.5900680 0.4321478 0.6818445
64.154685 -0.0680821 -0.0854206 0.0814955 -0.0372581 0.6086727 0.4405351 0.6588309
64.787898 -0.0625909 -0.0706652 0.0690138 -0.0134961 0.5505169 0.4214133 0.7205275
65.387784 -0.0558825 -0.0575332 0.0563006 0.0131347 0.5073069 0.3765618 0.7750280
65.921020 -0.0451115 -0.0497852 0.0502646 -0.0067503 0.4819914 0.3622197 0.7977692
66.420923 -0.0399510 -0.0359244 0.0367042 0.0157659 0.4140701 0.3157194 0.8535916
66.954160 -0.0387903 -0.0236832 0.0219912 0.0293679 0.3781577 0.2723269 0.8842920
67.487391 -0.0247302 -0.0183457 0.0184955 0.0251715 0.3394659 0.2570764 0.9044562
67.987301 -0.0149597 -0.0139572 0.0162449 0.0264127 0.2497243 0.1974168 0.9476111
68.987120 -0.0017480 0.0102802 -0.0094579 0.0508102 0.1501985 0.1000503 0.9822671
69.553677 -0.0034512 0.0082471 -0.0074232 0.0415250 0.1352946 0.0765912 0.9869675
70.586814 -0.0001680 0.0105405 -0.0105342 0.0666601 0.0286320 -0.0203077 0.9971581
71.486644 -0.0068710 0.0005251 -0.0077455 0.1303199 0.0270203 -0.0455009 0.9900588
72.019878 -0.0075822 -0.0012691 -0.0051570 0.0970300 0.0353392 -0.0414468 0.9937900
72.486463 -0.0066347 -0.0012447 -0.0039557 0.0808357 0.0416651 -0.0312085 0.9953671
