7.198652 0.1465984 -0.3195136 0.0841356 -0.9075336 -0.1401790 -0.0008083 0.3958940
7.331963 0.1773153 -0.3275020 0.0858291 -0.9002111 -0.1659264 0.0060803 0.4025562
9.998131 0.4973715 -0.1580579 0.0780213 -0.8690203 -0.2753275 0.0619717 0.4063966
11.864453 0.6215675 0.0170702 0.0772458 -0.7884979 -0.4467070 0.1753314 0.3846855
14.530619 0.6850704 0.1673157 0.0916419 -0.6329517 -0.6359389 0.2970378 0.3266840
14.797235 0.6633105 0.1530310 0.0826059 -0.6330048 -0.6416938 0.2821240 0.3285425
15.063850 0.6543634 0.1482738 0.0859806 -0.6361212 -0.6411477 0.2764326 0.3284274
16.930170 0.5972312 0.4177743 0.0883694 -0.4989522 -0.7459744 0.3515509 0.2664226
18.396562 0.5191415 0.6668285 0.0923280 -0.3800935 -0.8018976 0.3910348 0.2440923
18.863143 0.4553138 0.7063215 0.0793162 -0.3912275 -0.8022770 0.3809724 0.2411488
21.862579 0.1840426 1.1448327 0.0739379 -0.1547035 -0.8842568 0.4191004 0.1360569
23.862217 0.0002672 1.2033473 0.0812594 0.0316007 -0.8872963 0.4579884 0.0441982
24.195477 -0.0062369 1.1932888 0.0799588 0.0350689 -0.8912222 0.4510595 0.0322260
26.794998 -0.2491188 1.1296574 0.0610818 0.1953016 -0.8786355 0.4300305 -0.0702184
29.761104 -0.6450354 0.9844815 0.0483653 0.3908640 -0.8173172 0.3921183 -0.1595652
30.027719 -0.6288594 0.9732277 0.0562497 0.3999825 -0.8141301 0.3911661 -0.1555483
30.360996 -0.6138639 0.9620183 0.0596527 0.4213914 -0.7999831 0.3954952 -0.1613689
33.093817 -0.6086431 0.6450055 0.0642070 0.6150220 -0.6392028 0.3581844 -0.2913275
35.859976 -0.3159621 0.2211158 0.0548850 -0.8293970 0.3259786 -0.2041584 0.4051642
37.726282 -0.1401917 -0.0896409 0.0587519 -0.8561121 0.2717752 -0.1928055 0.3950145
39.359309 0.0185588 -0.2861096 0.0535997 -0.8977968 0.1101391 -0.1152171 0.4105550
41.558901 0.0833391 -0.3891807 0.0761176 -0.8774725 -0.1146700 -0.0204073 0.4652704
44.458359 0.3204108 -0.3004960 0.0596026 -0.8503892 -0.2758951 0.0628061 0.4435937
44.791631 0.3628985 -0.2396704 0.0601486 -0.8522019 -0.2816543 0.0660068 0.4359656
47.424471 0.5890640 0.0653787 0.0828289 -0.6737398 -0.5790656 0.2466757 0.3871808
48.124340 0.5983182 0.0291733 0.0910333 -0.6906559 -0.5499125 0.2022280 0.4239040
48.624251 0.6309856 0.0585029 0.0955693 -0.6912863 -0.5426424 0.2176300 0.4246173
49.924005 0.6567934 0.2813929 0.1056310 -0.5731817 -0.6501300 0.3118365 0.3892964
50.223948 0.6300135 0.3333173 0.0976982 -0.5769495 -0.6580054 0.3101569 0.3714308
50.557222 0.6294261 0.4272680 0.0983069 -0.5391316 -0.6865838 0.3370791 0.3525870
51.190436 0.6207805 0.5949171 0.0915849 -0.4852049 -0.7234914 0.3624854 0.3312714
52.523519 0.4648347 0.8675209 0.0916994 -0.3649476 -0.7921691 0.4176679 0.2546270
53.923257 0.2963440 1.0183990 0.0912016 -0.3167525 -0.8084950 0.4298971 0.2473707
54.556474 0.2327499 1.1679454 0.0927084 -0.2429195 -0.8368650 0.4466068 0.2029514
55.156362 0.1385374 1.1619828 0.0960332 -0.1811466 -0.8504546 0.4626526 0.1728164
55.822905 0.0936168 1.2139492 0.1065694 -0.1092569 -0.8557829 0.4896502 0.1262587
56.456122 0.0645429 1.2380524 0.0890757 -0.0240659 -0.8687614 0.4900569 0.0672214
57.189316 -0.0280285 1.1867228 0.0816671 0.0672016 -0.8834643 0.4626848 0.0299622
58.322442 -0.2294261 1.1724412 0.0921724 0.2338011 -0.8410075 0.4848977 -0.0540151
58.855671 -0.2859654 1.1110734 0.0829248 0.2354422 -0.8400860 0.4855152 -0.0556545
59.122294 -0.3507964 1.0934824 0.0815175 0.2645265 -0.8308789 0.4844171 -0.0707532
59.455559 -0.4519635 1.0783645 0.0741644 0.2743804 -0.8333749 0.4714220 -0.0892359
60.688663 -0.5319563 0.9468643 0.0852665 0.3559264 -0.8020284 0.4637468 -0.1224987
61.388532 -0.6078845 0.9455732 0.0908874 0.4314717 -0.7560265 0.4601107 -0.1747978
61.721801 -0.6020428 0.9112964 0.0757995 0.4654634 -0.7432938 0.4432343 -0.1854766
63.021560 -0.6104013 0.6430901 0.0635525 -0.6421149 0.5962071 -0.3917125 0.2806900
64.054699 -0.5090489 0.4360910 0.0765254 -0.6525192 0.5979484 -0.3938704 0.2480778
64.354643 -0.4831903 0.4036790 0.0657040 -0.6691726 0.5883404 -0.3732640 0.2583360
64.687916 -0.4525901 0.3271987 0.0570227 -0.6945724 0.5640621 -0.3459982 0.2822912
65.354457 -0.3854363 0.1693356 0.0621453 -0.7328367 0.4988211 -0.3198178 0.3344317
65.721058 -0.3182299 0.1322821 0.0568074 -0.7491316 0.4778414 -0.3134629 0.3349784
66.021002 -0.2771150 0.0921714 0.0486075 -0.7710280 0.4621497 -0.2898237 0.3285359
66.354274 -0.2399478 -0.0037522 0.0514268 -0.7976359 0.4074874 -0.2600042 0.3607340
66.654213 -0.2344718 -0.1049379 0.0587362 -0.8237141 0.3516422 -0.2444514 0.3715997
66.954160 -0.2118708 -0.1621363 0.0672416 -0.8246041 0.3395105 -0.2346140 0.3869328
67.320758 -0.1449649 -0.1910486 0.0601404 -0.8339741 0.3189394 -0.2174648 0.3943020
67.654027 -0.0713596 -0.1978540 0.0570826 -0.8504384 0.3021342 -0.2012959 0.3807223
67.987301 -0.0290591 -0.2199949 0.0512631 -0.8783332 0.2166449 -0.1442180 0.4009952
68.320572 0.0405237 -0.3308041 0.0409953 -0.8985420 0.1276500 -0.0837256 0.4114823
68.620519 0.0911650 -0.4304104 0.0521492 -0.8998899 0.1127830 -0.0956309 0.4102839
68.953782 0.0989124 -0.4620715 0.0636030 -0.8936465 0.0895113 -0.0898694 0.4304732
69.353721 0.0935028 -0.4529472 0.0645260 -0.9003361 0.0616731 -0.0818516 0.4229559
69.686982 0.0752664 -0.4351254 0.0652286 -0.9003128 0.0509815 -0.0834324 0.4241189
70.020252 0.0729699 -0.4226786 0.0611513 -0.9018319 0.0107990 -0.0592235 0.4278730
70.320196 0.0901257 -0.4402378 0.0642952 -0.8955565 -0.0516939 -0.0290085 0.4409817
70.753449 0.1060616 -0.4711387 0.0785666 -0.8842798 -0.0683561 -0.0188384 0.4615429
71.120049 0.0752997 -0.4465180 0.0935903 -0.8737154 -0.0828373 -0.0079602 0.4792661
71.453320 0.0552680 -0.4093521 0.0993783 -0.8610545 -0.0907154 -0.0210386 0.4999133
71.986560 0.0439666 -0.3861029 0.0985988 -0.8749937 -0.0881175 -0.0335095 0.4748667
72.519787 0.0495799 -0.3787305 0.0930331 -0.8851724 -0.0761544 -0.0362570 0.4575541
73.053021 0.0473975 -0.3750353 0.0937196 -0.8852274 -0.0831053 -0.0351420 0.4563233
