7.198652 0.0546263 -0.1257712 0.0260574 -0.9021844 -0.1412612 -0.0009769 0.4075632
9.731514 0.3659267 0.0148912 0.0258564 -0.8615498 -0.2747873 0.0594489 0.4227171
10.531368 0.5036752 0.0853685 0.0234795 -0.8515210 -0.3137744 0.0995671 0.4080982
13.464151 0.5913495 0.2849487 0.0445176 -0.6818727 -0.5807865 0.2576878 0.3624000
14.797235 0.5607218 0.3344887 0.0416445 -0.6289149 -0.6452560 0.2745378 0.3357674
15.063850 0.5524973 0.3300616 0.0423179 -0.6315998 -0.6447325 0.2691517 0.3360938
15.330468 0.5462480 0.3304631 0.0433147 -0.6340547 -0.6445891 0.2665044 0.3338489
17.230115 0.4669650 0.6009624 0.0494583 -0.4971075 -0.7473597 0.3412829 0.2790407
19.896281 0.2644491 1.0675356 0.0555863 -0.2819148 -0.8551270 0.3870031 0.1987723
22.262506 0.0481928 1.3071210 0.0563171 -0.1660270 -0.8837673 0.4160358 0.1352949
24.328787 -0.0997380 1.3600142 0.0620135 0.0384735 -0.8970344 0.4389952 0.0336518
24.862021 -0.0903733 1.3582273 0.0689712 0.0501844 -0.8959924 0.4387206 0.0469404
25.161963 -0.1102310 1.3461943 0.0673447 0.0676164 -0.9010438 0.4270265 0.0345920
27.994766 -0.5110017 1.2402865 0.0357343 0.2434095 -0.8733706 0.4163455 -0.0680600
29.794433 -0.7241575 1.1503181 0.0261153 0.3924802 -0.8188158 0.3847741 -0.1656774
30.261015 -0.6991351 1.1322061 0.0323079 0.4147108 -0.8059814 0.3865179 -0.1703320
32.793870 -0.7072104 0.8547389 0.0412692 0.6023865 -0.6500393 0.3651719 -0.2850068
35.226762 -0.4643672 0.4522290 0.0283102 -0.7843816 0.4202593 -0.2370855 0.3897668
37.492993 -0.2526797 0.1070480 0.0212384 -0.8414295 0.2700098 -0.1875563 0.4288516
39.026045 -0.0907565 -0.1065623 -0.0002515 -0.8898094 0.1267731 -0.1300083 0.4186476
41.792192 -0.0124259 -0.1937575 0.0229197 -0.8697523 -0.1170724 -0.0247299 0.4787624
44.791631 0.2642456 -0.0485691 0.0074255 -0.8467423 -0.2825282 0.0634976 0.4462883
47.624437 0.4872245 0.2365828 0.0422905 -0.6748992 -0.5670322 0.2263188 0.4144459
47.957709 0.4981787 0.2206047 0.0501444 -0.6802878 -0.5556352 0.2030978 0.4327001
48.490940 0.5157658 0.2246974 0.0495842 -0.6901289 -0.5441010 0.2006262 0.4329266
49.124165 0.6114404 0.3469515 0.0586955 -0.6269834 -0.6045560 0.2554395 0.4197077
49.457426 0.6267866 0.4005477 0.0672033 -0.6034290 -0.6216965 0.2848665 0.4101440
49.757372 0.5833488 0.4302182 0.0610974 -0.5707739 -0.6531494 0.3043267 0.3936981
50.657203 0.5347732 0.6396422 0.0651540 -0.5144389 -0.7031575 0.3341194 0.3595642
51.290420 0.5047930 0.7808430 0.0619533 -0.4800340 -0.7291779 0.3530784 0.3364560
51.623686 0.4453786 0.8238773 0.0690050 -0.5051771 -0.7154683 0.3507631 0.3314610
51.923641 0.4097223 0.8614369 0.0627084 -0.4764348 -0.7377078 0.3676699 0.3059672
53.523333 0.2464510 1.1130764 0.0653437 -0.3491274 -0.8005586 0.4011948 0.2761495
54.823090 0.1006754 1.3376710 0.0681555 -0.2050385 -0.8550119 0.4444879 0.1713018
55.489637 0.0223845 1.3386160 0.0852855 -0.1528399 -0.8534080 0.4728080 0.1574401
55.789575 0.0061337 1.3772340 0.0912528 -0.1090081 -0.8606873 0.4801174 0.1296999
56.389469 -0.0176116 1.4093692 0.0703126 -0.0328662 -0.8743824 0.4788106 0.0715238
57.189316 -0.1078641 1.3566756 0.0715501 0.0674761 -0.8891861 0.4515103 0.0305539
57.822531 -0.2845716 1.3986928 0.0807804 0.2030851 -0.8520811 0.4816999 -0.0260645
58.122472 -0.3064359 1.3704906 0.0733097 0.2304346 -0.8417298 0.4858368 -0.0485134
58.455747 -0.3234835 1.3216214 0.0728093 0.2315207 -0.8451704 0.4795166 -0.0463566
60.788644 -0.6260133 1.1148857 0.0684611 0.3703789 -0.7989517 0.4548762 -0.1326021
61.455184 -0.6967577 1.1166887 0.0651362 0.4421269 -0.7531002 0.4521370 -0.1814832
61.821788 -0.6700319 1.0611110 0.0474221 0.4811527 -0.7439168 0.4265066 -0.1821320
62.488327 -0.6339195 0.9585981 0.0371892 0.5497082 -0.7007848 0.3976421 -0.2204596
62.821602 -0.6628488 0.8751324 0.0281503 0.5992644 -0.6455710 0.3845893 -0.2760642
63.488140 -0.6830008 0.7049663 0.0288517 -0.6567745 0.5875092 -0.3699584 0.2942975
63.821408 -0.6203978 0.6466340 0.0334974 -0.6656514 0.5871708 -0.3739607 0.2688721
64.454624 -0.5563354 0.5636435 0.0256668 -0.6714650 0.5905946 -0.3525609 0.2757418
64.754570 -0.5289886 0.4822700 0.0215601 -0.6963410 0.5608036 -0.3346671 0.2976686
65.087843 -0.5081815 0.3773486 0.0278490 -0.7090278 0.5272778 -0.3405263 0.3214026
65.421113 -0.4562822 0.3447330 0.0217141 -0.7376371 0.4909121 -0.3079117 0.3465360
65.754384 -0.3981501 0.3087084 0.0174157 -0.7473384 0.4811089 -0.3061860 0.3409836
66.054331 -0.3584297 0.2663260 0.0097823 -0.7706842 0.4614598 -0.2785532 0.3398660
66.354274 -0.3242753 0.1782420 0.0086840 -0.7942579 0.4091223 -0.2548828 0.3698757
66.687542 -0.3164784 0.0706671 0.0138695 -0.8207491 0.3519841 -0.2381543 0.3817860
67.020817 -0.2848685 0.0125813 0.0210788 -0.8180863 0.3485846 -0.2143041 0.4041009
67.354087 -0.2217075 -0.0031912 0.0090267 -0.8325462 0.3173842 -0.2130202 0.4009445
67.687352 -0.1530352 -0.0115997 0.0098685 -0.8478704 0.3028013 -0.1923178 0.3904370
68.020631 -0.1131420 -0.0364509 -0.0002949 -0.8762941 0.2047712 -0.1352289 0.4145969
68.353898 -0.0380772 -0.1524444 -0.0107794 -0.8968871 0.1305030 -0.0778359 0.4153363
68.653843 0.0019260 -0.2453902 0.0020718 -0.8957164 0.1085893 -0.0934664 0.4209092
68.953782 0.0076744 -0.2701836 0.0089346 -0.8887133 0.0899066 -0.0882182 0.4408209
69.487020 -0.0051974 -0.2563722 0.0087823 -0.8941443 0.0643606 -0.0834357 0.4352036
69.953607 -0.0185992 -0.2278395 0.0024596 -0.8992743 0.0253759 -0.0636986 0.4319771
70.320196 0.0003412 -0.2482216 0.0113719 -0.8905100 -0.0523713 -0.0288886 0.4510152
70.753449 0.0148336 -0.2800372 0.0250806 -0.8789277 -0.0688853 -0.0191310 0.4715666
71.086719 -0.0125214 -0.2616131 0.0366518 -0.8688465 -0.0845274 -0.0057755 0.4877782
71.419995 -0.0308739 -0.2205721 0.0447847 -0.8565757 -0.0878567 -0.0193125 0.5081204
71.953227 -0.0447642 -0.1995316 0.0467077 -0.8677263 -0.0886855 -0.0332921 0.4879320
72.486463 -0.0406254 -0.1901795 0.0407383 -0.8794649 -0.0765546 -0.0357822 0.4684020
73.019691 -0.0430540 -0.1864938 0.0407962 -0.8797688 -0.0832449 -0.0350059 0.4667459
