7.198652 0.1214130 -0.3486848 0.0290075 -0.8997633 -0.1520985 -0.0003546 0.4090134
9.731514 0.3680610 -0.2295957 0.0287073 -0.8575183 -0.2855035 0.0609896 0.4235922
12.164392 0.5164098 -0.0606299 0.0398763 -0.7505447 -0.4859247 0.1896392 0.4057054
13.897405 0.5670393 0.0284682 0.0494685 -0.6121771 -0.6524504 0.2979019 0.3328694
14.363984 0.5465074 0.0430481 0.0488344 -0.6157378 -0.6509898 0.2932557 0.3332873
14.563943 0.5307879 0.0425409 0.0477301 -0.6203537 -0.6502193 0.2866961 0.3319362
14.797235 0.5180652 0.0360303 0.0429845 -0.6208050 -0.6540591 0.2773121 0.3315205
16.963495 0.4549052 0.2449445 0.0518675 -0.4876924 -0.7561994 0.3450412 0.2669554
18.296582 0.3958774 0.4267218 0.0564666 -0.3651525 -0.8125778 0.3822483 0.2454942
20.496171 0.2153688 0.6334451 0.0457137 -0.2696605 -0.8648199 0.3815910 0.1837337
21.662617 0.1341947 0.8000776 0.0574701 -0.1518635 -0.8862760 0.4156821 0.1366046
23.728898 -0.0291665 0.8462934 0.0584847 0.0392755 -0.8914486 0.4501986 0.0331382
26.128483 -0.1889493 0.8229537 0.0551858 0.2087377 -0.8758416 0.4285629 -0.0752596
27.528188 -0.3574581 0.7591231 0.0359491 0.2612327 -0.8664200 0.4145285 -0.0961245
29.727777 -0.5260602 0.6598489 0.0287953 0.3986574 -0.8174025 0.3785700 -0.1720763
29.994396 -0.5129451 0.6473968 0.0341817 0.4110495 -0.8119200 0.3790316 -0.1678072
32.427273 -0.5442836 0.4631544 0.0394042 0.6102347 -0.6430034 0.3598519 -0.2909757
35.426718 -0.2913292 0.0856085 0.0261833 -0.8094935 0.3616089 -0.2124447 0.4108851
37.393012 -0.1376621 -0.1560040 0.0204279 -0.8408178 0.2617828 -0.1834038 0.4368733
39.525949 0.0253268 -0.3197108 0.0103700 -0.8914087 0.0894478 -0.1122741 0.4298652
41.725538 0.0705044 -0.4034535 0.0255417 -0.8682970 -0.1261610 -0.0196782 0.4793292
42.258774 0.0596420 -0.4029762 0.0264770 -0.8729033 -0.1211116 -0.0330172 0.4714675
44.624994 0.2703805 -0.3050736 0.0130589 -0.8423545 -0.2913396 0.0568429 0.4498099
47.424471 0.4611792 -0.0381616 0.0402283 -0.6618659 -0.5912459 0.2421237 0.3920943
47.757753 0.4661970 -0.0524805 0.0484743 -0.6688706 -0.5718374 0.2188921 0.4215454
48.091015 0.4677820 -0.0651384 0.0448043 -0.6758434 -0.5629734 0.1996507 0.4317829
48.524266 0.4848238 -0.0522939 0.0487111 -0.6819903 -0.5537889 0.2046790 0.4316406
50.557222 0.4838237 0.2473525 0.0583676 -0.5261224 -0.6982865 0.3314356 0.3546007
51.223761 0.4690613 0.3845873 0.0582264 -0.4696127 -0.7360032 0.3572042 0.3319164
51.890308 0.3862303 0.4473315 0.0578049 -0.4726215 -0.7416067 0.3660351 0.3044123
52.890120 0.3141227 0.6262593 0.0625019 -0.3131143 -0.8199783 0.4182446 0.2338087
53.556663 0.2432392 0.6532455 0.0622672 -0.3392506 -0.8069082 0.4025919 0.2678207
53.889929 0.2146347 0.6964749 0.0640402 -0.3096638 -0.8165717 0.4192849 0.2480307
54.623127 0.1518943 0.8246495 0.0709653 -0.2215837 -0.8492702 0.4405369 0.1885952
55.889558 0.0424872 0.8612001 0.0823224 -0.0905466 -0.8649391 0.4803608 0.1137330
56.256158 0.0336968 0.8836458 0.0715489 -0.0331133 -0.8736396 0.4789725 0.0790102
56.589434 0.0099245 0.8600045 0.0682728 -0.0082131 -0.8801844 0.4715232 0.0536082
57.189316 -0.0505497 0.8301642 0.0582210 0.0804918 -0.8880885 0.4521164 0.0202638
58.155803 -0.2019879 0.8365344 0.0661272 0.2426622 -0.8411921 0.4799822 -0.0559300
58.422424 -0.2105794 0.8024879 0.0664953 0.2478592 -0.8417173 0.4764901 -0.0550911
58.855671 -0.2478840 0.7673345 0.0621216 0.2464188 -0.8428454 0.4735723 -0.0679612
60.155428 -0.4221209 0.6713722 0.0566773 0.3401833 -0.8149968 0.4532404 -0.1209492
60.688663 -0.4378808 0.6320727 0.0592701 0.3660169 -0.8019419 0.4523161 -0.1353918
61.088590 -0.4689550 0.6286364 0.0616002 0.4121982 -0.7745336 0.4515069 -0.1622711
61.721801 -0.4923552 0.6017658 0.0481739 0.4734880 -0.7409835 0.4319235 -0.2004861
62.788270 -0.4658499 0.4473210 0.0290307 0.5992324 -0.6440891 0.3835747 -0.2809629
63.121539 -0.5002631 0.3651671 0.0362034 -0.6546838 0.5805383 -0.3811156 0.2985220
63.454813 -0.4888312 0.3082969 0.0322635 -0.6610897 0.5802581 -0.3660146 0.3037997
63.788085 -0.4346660 0.2623959 0.0279341 -0.6724313 0.5774731 -0.3671327 0.2820897
64.088028 -0.4045396 0.2281764 0.0396428 -0.6565536 0.5933885 -0.3835209 0.2640817
64.754570 -0.3560815 0.1296250 0.0233683 -0.7016491 0.5517707 -0.3313079 0.3057331
65.121165 -0.3356106 0.0432663 0.0264497 -0.7153243 0.5170897 -0.3347360 0.3299715
65.421113 -0.2945445 0.0226306 0.0211192 -0.7417908 0.4811676 -0.3044455 0.3543122
65.754384 -0.2471508 -0.0056023 0.0185053 -0.7513832 0.4714211 -0.3029131 0.3484668
66.087658 -0.2117472 -0.0435061 0.0125852 -0.7782567 0.4454170 -0.2719801 0.3492092
66.420923 -0.1855002 -0.1289066 0.0146813 -0.8038579 0.3871858 -0.2440371 0.3799284
66.754195 -0.1759824 -0.2048429 0.0150258 -0.8245972 0.3381889 -0.2334496 0.3888046
67.087465 -0.1415643 -0.2462855 0.0199239 -0.8194317 0.3407266 -0.2030769 0.4137594
67.420743 -0.0894097 -0.2529958 0.0117624 -0.8386842 0.3060626 -0.2029852 0.4021587
67.720681 -0.0435664 -0.2592110 0.0143642 -0.8516493 0.2888597 -0.1833832 0.3970191
68.087278 -0.0046891 -0.2890041 0.0041852 -0.8799950 0.1703509 -0.1200926 0.4268104
68.420551 0.0592467 -0.3886026 -0.0025248 -0.8978145 0.1271545 -0.0758335 0.4147412
68.753829 0.0835603 -0.4535729 0.0095235 -0.8918383 0.0920247 -0.0974662 0.4320372
69.120425 0.0828290 -0.4599279 0.0125775 -0.8911309 0.0608118 -0.0852277 0.4415018
69.653658 0.0678181 -0.4409393 0.0146263 -0.8944899 0.0418601 -0.0807202 0.4377439
70.120233 0.0690163 -0.4305178 0.0113658 -0.8931230 -0.0225322 -0.0480646 0.4466692
70.453508 0.0858311 -0.4541053 0.0140142 -0.8896039 -0.0751905 -0.0278767 0.4496379
70.820105 0.0880211 -0.4694430 0.0273969 -0.8733813 -0.0873376 -0.0122152 0.4789865
71.220032 0.0609424 -0.4440079 0.0436688 -0.8600190 -0.0892569 -0.0085406 0.5023223
71.586627 0.0424916 -0.4173454 0.0461137 -0.8539860 -0.1084657 -0.0279020 0.5080991
72.119865 0.0431049 -0.4014395 0.0397332 -0.8723497 -0.0946150 -0.0294182 0.4787365
72.653123 0.0475410 -0.3956465 0.0356765 -0.8772157 -0.0876262 -0.0339136 0.4708123
