7.198652 -0.0159832 -0.1997702 0.0419209 -0.9073173 -0.1442614 0.0000009 0.3949228
7.331963 0.0179048 -0.2057962 0.0405077 -0.8996016 -0.1705737 0.0074558 0.4019527
10.264769 0.4312211 0.0083445 0.0309097 -0.8646435 -0.2894768 0.0872738 0.4012210
11.864453 0.4878276 0.1671811 0.0321269 -0.7851728 -0.4531110 0.1784939 0.3825366
14.297329 0.5722127 0.3267881 0.0495917 -0.6184466 -0.6476530 0.3044772 0.3245969
14.597273 0.5380225 0.3229665 0.0411617 -0.6272453 -0.6447592 0.2905039 0.3262766
14.830562 0.5230139 0.3126323 0.0375116 -0.6269965 -0.6491412 0.2822848 0.3252792
15.463777 0.5100278 0.3154017 0.0408193 -0.6279415 -0.6522690 0.2805873 0.3185991
18.363234 0.3563447 0.8405943 0.0378851 -0.3709193 -0.8055685 0.3939426 0.2414283
18.629859 0.3275260 0.8634232 0.0316564 -0.3765578 -0.8052848 0.3911876 0.2381028
21.629294 0.0180045 1.3201632 0.0242767 -0.1559371 -0.8797374 0.4259538 0.1425097
24.328787 -0.2077416 1.3723991 0.0237492 0.0487492 -0.8917315 0.4489778 0.0292815
24.862021 -0.2003857 1.3709807 0.0316232 0.0606990 -0.8904644 0.4489782 0.0425144
25.095309 -0.2061787 1.3611087 0.0355695 0.0708012 -0.8949366 0.4390688 0.0359779
27.394878 -0.6130486 1.2824643 0.0000663 0.2669260 -0.8580018 0.4303140 -0.0861007
29.761104 -0.8520992 1.1404313 -0.0082500 0.4007614 -0.8125850 0.3901978 -0.1638344
32.360620 -0.8865747 0.8989113 0.0139566 0.6034420 -0.6496949 0.3673164 -0.2807722
34.893481 -0.6000839 0.4822176 0.0074307 -0.7593929 0.4702269 -0.2794660 0.3522895
36.793124 -0.4065771 0.2164496 0.0132761 -0.8443816 0.2975010 -0.1939373 0.4011249
39.725910 -0.1237817 -0.1581928 -0.0019419 -0.9046878 0.0847071 -0.1004958 0.4052967
41.925497 -0.0866075 -0.2679215 0.0316383 -0.8759652 -0.1196380 -0.0234811 0.4667125
44.791631 0.2124014 -0.1070392 0.0092094 -0.8504716 -0.2868760 0.0689802 0.4354792
45.724789 0.4181170 0.0487116 0.0050206 -0.7932534 -0.4180557 0.1376628 0.4207463
47.691091 0.4474182 0.2036777 0.0382317 -0.6762601 -0.5670213 0.2317052 0.4092335
47.991032 0.4578948 0.1853899 0.0472054 -0.6817476 -0.5584532 0.2107482 0.4230076
48.524266 0.4766761 0.1974144 0.0450860 -0.6901920 -0.5471083 0.2118916 0.4235676
49.157487 0.5816619 0.3324882 0.0541590 -0.6226930 -0.6096679 0.2692742 0.4099391
49.490756 0.5856807 0.3893517 0.0592939 -0.6018378 -0.6259410 0.2986857 0.3959497
49.857352 0.5216097 0.4287343 0.0579329 -0.5657908 -0.6580794 0.3133991 0.3854779
50.523895 0.4843621 0.5892720 0.0519322 -0.5383009 -0.6881868 0.3375420 0.3502808
51.157107 0.4676395 0.7729228 0.0447682 -0.4803547 -0.7273364 0.3651685 0.3269451
52.123592 0.3238214 0.9180211 0.0376430 -0.4341825 -0.7558423 0.3999245 0.2832819
53.123407 0.2107012 1.1051402 0.0409689 -0.3238811 -0.8093882 0.4183217 0.2549486
53.423352 0.1726249 1.1169749 0.0336084 -0.3416295 -0.7996175 0.4117922 0.2726324
53.789950 0.1325387 1.1672399 0.0353180 -0.3285161 -0.8043450 0.4236763 0.2561342
55.056382 -0.0400680 1.3471792 0.0359578 -0.1754529 -0.8566284 0.4560255 0.1656647
57.689222 -0.3762910 1.4057472 0.0354160 0.2053892 -0.8495703 0.4855712 -0.0163128
58.222458 -0.4305052 1.3638444 0.0417099 0.2349906 -0.8386410 0.4882023 -0.0558510
58.589053 -0.4567351 1.3082016 0.0373889 0.2317003 -0.8393251 0.4888586 -0.0535305
59.022310 -0.5264378 1.2688015 0.0300251 0.2627700 -0.8327859 0.4818983 -0.0720671
60.088774 -0.7118134 1.1710606 0.0272330 0.3338892 -0.8144573 0.4600289 -0.1164076
61.021932 -0.7732257 1.1035855 0.0387849 0.4034017 -0.7755778 0.4620970 -0.1490388
61.355209 -0.8124343 1.1038129 0.0352858 0.4352287 -0.7538565 0.4589383 -0.1779096
61.655157 -0.8153750 1.0804691 0.0229206 0.4605043 -0.7453331 0.4425893 -0.1911260
61.988421 -0.7796876 1.0148313 0.0211139 0.4974072 -0.7279785 0.4313447 -0.1912466
63.388159 -0.8181460 0.6963646 0.0112618 -0.6575585 0.5838019 -0.3752941 0.2931665
63.688099 -0.7603376 0.6431135 0.0061737 -0.6705728 0.5786595 -0.3703273 0.2798982
63.988046 -0.7105792 0.5903691 0.0228537 -0.6608127 0.5881994 -0.3896680 0.2559434
64.321316 -0.6780462 0.5553108 0.0121060 -0.6724234 0.5837067 -0.3731048 0.2606266
64.654593 -0.6457390 0.4810450 0.0014235 -0.6976179 0.5609399 -0.3444957 0.2828399
64.954531 -0.6213096 0.3752983 0.0141558 -0.7094985 0.5298106 -0.3455315 0.3106780
65.287803 -0.5874769 0.3124216 0.0127508 -0.7277145 0.5048812 -0.3232435 0.3332271
65.587746 -0.5256959 0.2880309 0.0042721 -0.7507512 0.4763284 -0.3066185 0.3398074
65.887690 -0.4780134 0.2513832 0.0026715 -0.7648352 0.4668466 -0.2974724 0.3295323
66.220962 -0.4362461 0.1800634 0.0024032 -0.7936363 0.4170044 -0.2744285 0.3477611
66.554234 -0.4150045 0.0590485 0.0067285 -0.8226480 0.3541739 -0.2471164 0.3697899
66.887503 -0.4001313 -0.0263473 0.0213312 -0.8278710 0.3337172 -0.2392024 0.3821579
67.220777 -0.3397630 -0.0619515 0.0155558 -0.8276019 0.3319285 -0.2170035 0.3972506
67.554048 -0.2617344 -0.0684202 0.0107691 -0.8490880 0.2964558 -0.2023471 0.3875813
67.853992 -0.2136784 -0.0766585 0.0061831 -0.8690549 0.2569375 -0.1660967 0.3887656
68.187265 -0.1576140 -0.1493793 -0.0041638 -0.8876895 0.1500870 -0.1066823 0.4220190
68.520533 -0.0791394 -0.2872783 0.0011550 -0.9020698 0.1230298 -0.0861330 0.4046171
68.820475 -0.0644100 -0.3410294 0.0122954 -0.8955106 0.0941160 -0.1011153 0.4230587
69.253727 -0.0657325 -0.3443555 0.0172479 -0.8959884 0.0619407 -0.0744991 0.4333798
69.786964 -0.0901365 -0.3111270 0.0135146 -0.8997161 0.0428831 -0.0751297 0.4278171
70.186886 -0.0794766 -0.3088656 0.0156395 -0.8992665 -0.0288525 -0.0406758 0.4345490
70.486832 -0.0584740 -0.3393384 0.0165881 -0.8950011 -0.0700370 -0.0220120 0.4399811
71.020068 -0.0786999 -0.3428792 0.0440033 -0.8756354 -0.0811272 -0.0084742 0.4760349
71.320009 -0.1007848 -0.3098931 0.0587165 -0.8651076 -0.0958793 -0.0118294 0.4921952
71.853246 -0.1200004 -0.2720640 0.0550825 -0.8703753 -0.0954201 -0.0271646 0.4822903
72.386479 -0.1147910 -0.2596164 0.0449298 -0.8848373 -0.0820699 -0.0321121 0.4574892
72.919710 -0.1142962 -0.2554961 0.0451101 -0.8855206 -0.0878961 -0.0319645 0.4550887
