7.198652 0.0000000 0.0000000 0.0000000 -0.0000000 -0.0000000 -0.0000000 1.0000000
8.931663 0.0002579 0.0000003 0.0000483 0.0455960 -0.1404156 -0.1284562 0.9806648
11.864453 0.0004835 -0.0000901 0.0001707 0.0605930 -0.2871921 -0.2270482 0.9286002
13.997391 0.0005986 -0.0001534 0.0002435 0.0957736 -0.4902352 -0.3739347 0.7814535
14.797235 0.0005438 -0.0001646 0.0002532 0.0867055 -0.4681568 -0.3849528 0.7906470
15.063850 0.0005340 -0.0001649 0.0002513 0.0850780 -0.4631937 -0.3859361 0.7932633
15.330468 0.0005287 -0.0001669 0.0002526 0.0817819 -0.4616775 -0.3862779 0.7943268
16.663552 0.0005664 -0.0003067 0.0004067 0.0890484 -0.5872141 -0.4683238 0.6541582
18.263252 0.0005280 -0.0004760 0.0005763 0.1288156 -0.6416057 -0.5209302 0.5480698
20.929422 0.0003786 -0.0007038 0.0008051 0.1152800 -0.6800908 -0.5878382 0.4226502
23.328973 0.0002139 -0.0009155 0.0009900 0.1237708 -0.7583244 -0.6265317 0.1307012
24.662060 0.0001978 -0.0008832 0.0009578 0.1174045 -0.7553702 -0.6385279 0.0889620
27.594842 -0.0001775 -0.0009049 0.0009578 -0.0846573 0.7394927 0.6505183 0.1510285
28.394696 -0.0001829 -0.0008763 0.0009324 -0.0994276 0.7332251 0.6596987 0.1315022
30.794249 -0.0003469 -0.0008501 0.0008631 -0.0921590 0.7028617 0.6107069 0.3528870
31.860712 -0.0004534 -0.0008126 0.0007898 -0.0370915 0.6488478 0.5556350 0.5185465
32.393945 -0.0004562 -0.0007665 0.0007442 -0.0393530 0.6280704 0.5252236 0.5728170
33.993654 -0.0004257 -0.0005757 0.0005336 -0.0051262 0.5337989 0.4423649 0.7206565
34.526898 -0.0003522 -0.0005236 0.0004970 -0.0262319 0.5231130 0.4189685 0.7417076
37.193052 -0.0002208 -0.0002252 0.0002122 0.0219054 0.3375361 0.2789643 0.8987594
37.459669 -0.0002068 -0.0001997 0.0001902 0.0186994 0.3335454 0.2863190 0.8980085
40.392451 -0.0000538 0.0000460 -0.0000243 0.0506156 0.0503915 0.0406074 0.9966192
42.792004 -0.0000892 0.0000288 -0.0000249 0.0574176 0.0740339 0.0267745 0.9952413
44.391707 0.0001411 0.0000498 0.0000006 0.0717777 -0.1063913 -0.1056073 0.9860913
45.991410 0.0004011 -0.0000477 0.0001481 0.0824323 -0.2376060 -0.2251162 0.9413134
47.057878 0.0004722 -0.0001291 0.0002197 0.1047171 -0.4017801 -0.3359874 0.8454109
48.124340 0.0004665 -0.0001128 0.0001743 0.1388694 -0.3479759 -0.3234776 0.8689018
48.390959 0.0004748 -0.0001128 0.0001771 0.1360489 -0.3462776 -0.3169635 0.8724200
49.457426 0.0006147 -0.0002000 0.0002764 0.1659607 -0.4582673 -0.3612669 0.7949431
50.790512 0.0006004 -0.0003802 0.0004750 0.1740828 -0.5536306 -0.4410069 0.6846176
51.057130 0.0006042 -0.0004148 0.0005158 0.1632173 -0.5672385 -0.4442004 0.6740079
51.323744 0.0005795 -0.0004405 0.0005446 0.1545460 -0.5708375 -0.4500587 0.6691093
52.390212 0.0005196 -0.0005933 0.0006938 0.1426902 -0.6520597 -0.4873856 0.5629501
54.523149 0.0003999 -0.0008369 0.0009233 0.1551866 -0.7103896 -0.5493883 0.4116263
54.789765 0.0003665 -0.0008466 0.0009304 0.1334226 -0.7271172 -0.5623233 0.3705286
55.589614 0.0002905 -0.0008778 0.0009336 0.1410075 -0.7613569 -0.5619284 0.2910139
56.389469 0.0002713 -0.0009063 0.0009824 0.1192634 -0.7789082 -0.5919015 0.1695024
57.722549 0.0000562 -0.0009520 0.0009965 -0.1339832 0.7825923 0.6028824 0.0782977
60.388720 -0.0002757 -0.0008694 0.0008606 -0.1009251 0.7645822 0.5932576 0.2308107
60.921952 -0.0003109 -0.0008652 0.0008462 -0.0938614 0.7480352 0.5838697 0.3012135
61.188569 -0.0003344 -0.0008779 0.0008484 -0.0862810 0.7443020 0.5668889 0.3423553
61.988421 -0.0003451 -0.0008137 0.0008050 -0.0860192 0.7064948 0.5589802 0.4254491
63.054888 -0.0004274 -0.0006920 0.0006703 -0.0567194 0.6232267 0.4693401 0.6229698
63.854736 -0.0003918 -0.0005819 0.0005573 -0.0841641 0.6119864 0.4680178 0.6319401
64.121352 -0.0003742 -0.0005571 0.0005298 -0.0867768 0.6236258 0.4754907 0.6143852
65.187822 -0.0003513 -0.0003951 0.0003728 -0.0427771 0.5521356 0.4381249 0.7080699
65.721058 -0.0002854 -0.0003418 0.0003353 -0.0379035 0.5151728 0.4122948 0.7504487
67.320758 -0.0002096 -0.0001219 0.0001172 -0.0036532 0.3744290 0.3182767 0.8709131
69.187076 -0.0000713 0.0000762 -0.0000728 0.0255051 0.1623994 0.1577975 0.9736919
70.786783 -0.0000664 0.0000769 -0.0000901 0.0702145 0.0483733 0.0522862 0.9949855
71.586627 -0.0000976 0.0000127 -0.0000533 0.1052357 0.0563952 0.0207293 0.9926305
71.853246 -0.0000948 0.0000086 -0.0000453 0.0896270 0.0557733 0.0280598 0.9940166
72.119865 -0.0000920 0.0000075 -0.0000368 0.0709110 0.0584615 0.0353944 0.9951388
72.653123 -0.0000882 0.0000067 -0.0000316 0.0605083 0.0636827 0.0414723 0.9952705
72.919710 -0.0000910 0.0000043 -0.0000332 0.0576599 0.0597616 0.0348499 0.9959365
