7.198652 0.0000000 0.0000000 0.0000000 -0.0000000 -0.0000000 -0.0000000 1.0000000
7.331963 0.0002648 0.0001006 -0.0000760 0.0097306 -0.0161577 -0.0223484 0.9995723
8.931663 0.0026938 0.0000178 0.0005223 0.0459279 -0.1403661 -0.1292249 0.9805555
9.464897 0.0031413 -0.0001208 0.0006417 0.0404768 -0.1293434 -0.1100903 0.9846380
12.131071 0.0053333 -0.0009633 0.0018072 0.0831861 -0.3085735 -0.2471591 0.9147540
14.264002 0.0061805 -0.0016858 0.0025873 0.0923031 -0.4889579 -0.3763804 0.7814973
14.797235 0.0056615 -0.0016955 0.0026223 0.0861670 -0.4677853 -0.3850340 0.7908862
15.063850 0.0055771 -0.0016967 0.0026014 0.0847558 -0.4628953 -0.3858924 0.7934932
15.330468 0.0055321 -0.0017193 0.0026057 0.0814187 -0.4615163 -0.3861238 0.7945327
15.597083 0.0055013 -0.0018218 0.0027194 0.0816815 -0.4756780 -0.3962183 0.7810696
16.663552 0.0059780 -0.0031834 0.0042239 0.0887015 -0.5867378 -0.4689120 0.6542112
18.263252 0.0055247 -0.0049755 0.0059884 0.1287940 -0.6402774 -0.5219141 0.5486917
19.063103 0.0048185 -0.0054644 0.0066060 0.1188022 -0.6352162 -0.5293165 0.5497367
20.929422 0.0039312 -0.0072696 0.0083810 0.1158648 -0.6793403 -0.5877497 0.4238189
23.328973 0.0022227 -0.0095128 0.0103437 0.1246800 -0.7579877 -0.6265594 0.1316539
23.595591 0.0021231 -0.0094174 0.0102648 0.1188888 -0.7626843 -0.6279140 0.0995093
24.662060 0.0020416 -0.0091854 0.0099993 0.1176299 -0.7551237 -0.6386274 0.0900364
26.528374 0.0000990 -0.0093422 0.0100516 -0.0825447 0.7520106 0.6479693 0.0883305
27.861462 -0.0018809 -0.0093288 0.0098415 -0.0972045 0.7369552 0.6531050 0.1445758
28.128081 -0.0018738 -0.0092126 0.0097559 -0.1018130 0.7370426 0.6556708 0.1284453
29.727777 -0.0039822 -0.0092409 0.0094670 -0.0663378 0.6979256 0.6412588 0.3119077
31.860712 -0.0047826 -0.0085027 0.0082521 -0.0375652 0.6487643 0.5567875 0.5173794
34.260262 -0.0040884 -0.0057045 0.0054233 -0.0089678 0.5189520 0.4333201 0.7367782
35.859976 -0.0027748 -0.0040767 0.0041479 0.0100206 0.3659315 0.3292985 0.8703771
38.259518 -0.0015322 -0.0012985 0.0016019 -0.0237437 0.3244139 0.3024981 0.8959279
39.592615 -0.0008942 -0.0002743 0.0005967 0.0047567 0.1962311 0.1725323 0.9652478
40.659069 -0.0005448 0.0005614 -0.0004572 0.0720394 0.0298923 0.0232959 0.9966816
41.725538 -0.0006976 0.0002637 -0.0002985 0.0735868 0.0374100 0.0097731 0.9965390
44.391707 0.0014749 0.0005238 0.0000468 0.0721376 -0.1065055 -0.1059145 0.9860197
45.991410 0.0041634 -0.0004947 0.0015567 0.0821394 -0.2376145 -0.2255357 0.9412366
47.324496 0.0048341 -0.0013263 0.0021601 0.1152304 -0.4070078 -0.3384759 0.8405360
48.390959 0.0049439 -0.0011488 0.0018341 0.1365978 -0.3449316 -0.3174901 0.8726759
48.657582 0.0051980 -0.0012414 0.0019921 0.1437183 -0.3604360 -0.3120083 0.8672265
50.523895 0.0059477 -0.0033599 0.0043104 0.1534453 -0.5281823 -0.4121665 0.7263586
51.590366 0.0057144 -0.0048905 0.0059358 0.1532702 -0.5640024 -0.4390331 0.6823925
53.190065 0.0048043 -0.0069160 0.0078931 0.1742726 -0.6578791 -0.5204926 0.5156662
53.456679 0.0045836 -0.0070449 0.0080589 0.1694969 -0.6517904 -0.5131650 0.5320730
53.723296 0.0044315 -0.0072902 0.0082997 0.1616761 -0.6621042 -0.5134456 0.5213948
53.989932 0.0043035 -0.0077833 0.0087294 0.1618119 -0.6859120 -0.5274783 0.4744558
54.523149 0.0041498 -0.0086523 0.0096100 0.1556809 -0.7098910 -0.5489603 0.4128690
56.122858 0.0029565 -0.0095556 0.0102105 0.1300756 -0.7743581 -0.5798013 0.2174407
57.189316 0.0018079 -0.0092329 0.0100604 0.1207208 -0.7664885 -0.6275936 0.0636253
57.722549 0.0006022 -0.0099058 0.0103984 -0.1346261 0.7822516 0.6034446 0.0762424
58.255781 0.0001037 -0.0097634 0.0101178 -0.1082072 0.7835369 0.6000161 0.1197578
58.522398 -0.0001519 -0.0095389 0.0098961 -0.1128599 0.7845532 0.5987325 0.1151451
59.588871 -0.0023143 -0.0095177 0.0097362 -0.0891282 0.7652393 0.6097517 0.1861933
60.921952 -0.0032502 -0.0090214 0.0088351 -0.0939969 0.7478873 0.5848638 0.2996056
61.188569 -0.0035041 -0.0091260 0.0088712 -0.0864895 0.7445068 0.5674174 0.3409790
61.455184 -0.0037570 -0.0091467 0.0089306 -0.0800438 0.7360377 0.5570039 0.3762820
61.721801 -0.0037429 -0.0088639 0.0087628 -0.0784054 0.7190244 0.5619631 0.4013152
61.988421 -0.0036209 -0.0084862 0.0084017 -0.0861628 0.7062687 0.5601922 0.4241995
63.054888 -0.0044548 -0.0071888 0.0070178 -0.0569088 0.6236877 0.4706114 0.6215304
63.588122 -0.0044610 -0.0063787 0.0062628 -0.0599339 0.6047456 0.4711737 0.6392856
63.854736 -0.0040945 -0.0060480 0.0058454 -0.0840671 0.6126865 0.4688578 0.6306508
64.121352 -0.0039152 -0.0057982 0.0055392 -0.0869253 0.6234939 0.4770935 0.6132546
64.387972 -0.0037803 -0.0054891 0.0054026 -0.0807168 0.6004065 0.4781281 0.6359171
64.654593 -0.0037139 -0.0050476 0.0050233 -0.0700543 0.5740960 0.4717296 0.6655655
65.454440 -0.0033201 -0.0038298 0.0037852 -0.0313194 0.5181276 0.4186226 0.7451966
65.721058 -0.0029861 -0.0035424 0.0035364 -0.0375911 0.5157531 0.4130136 0.7496701
66.520908 -0.0027181 -0.0022188 0.0022038 -0.0248417 0.4195914 0.3478701 0.8380408
66.787523 -0.0028035 -0.0018019 0.0016762 -0.0211156 0.4043277 0.3317417 0.8520685
67.320758 -0.0022117 -0.0012757 0.0012455 -0.0035558 0.3748535 0.3192429 0.8703771
68.653843 -0.0007318 0.0007341 -0.0005318 0.0025480 0.1844588 0.1865627 0.9649678
70.520158 -0.0006475 0.0008328 -0.0007700 0.0438702 0.0495978 0.0554058 0.9962659
70.786783 -0.0006902 0.0007981 -0.0009371 0.0699980 0.0484371 0.0521002 0.9950074
71.320009 -0.0009074 0.0003138 -0.0006614 0.1040802 0.0430912 0.0330328 0.9930857
72.386479 -0.0009281 0.0000728 -0.0003429 0.0601164 0.0619422 0.0400061 0.9954641
72.653123 -0.0009137 0.0000619 -0.0003327 0.0599787 0.0643316 0.0411909 0.9952725
72.919710 -0.0009288 0.0000461 -0.0003298 0.0574487 0.0598759 0.0349085 0.9959397
