7.198652 0.0000000 0.0000000 0.0000000 -0.0000000 -0.0000000 -0.0000000 1.0000000
7.331963 0.0767974 0.0180097 -0.0109391 0.0069458 -0.0167670 -0.0220289 0.9995926
7.598579 0.0767974 0.0180097 -0.0109391 0.0069458 -0.0167670 -0.0220289 0.9995926
7.865194 0.0767974 0.0180097 -0.0109391 0.0069458 -0.0167670 -0.0220289 0.9995926
8.131809 0.0767974 0.0180097 -0.0109391 0.0069458 -0.0167670 -0.0220289 0.9995926
8.398431 0.0767974 0.0180097 -0.0109391 0.0069458 -0.0167670 -0.0220289 0.9995926
8.665048 0.0767974 0.0180097 -0.0109391 0.0069458 -0.0167670 -0.0220289 0.9995926
8.931663 0.0767974 0.0180097 -0.0109391 0.0069458 -0.0167670 -0.0220289 0.9995926
9.198280 0.0767974 0.0180097 -0.0109391 0.0069458 -0.0167670 -0.0220289 0.9995926
9.464897 0.0767974 0.0180097 -0.0109391 0.0069458 -0.0167670 -0.0220289 0.9995926
9.731514 0.0767974 0.0180097 -0.0109391 0.0069458 -0.0167670 -0.0220289 0.9995926
9.998131 0.0767974 0.0180097 -0.0109391 0.0069458 -0.0167670 -0.0220289 0.9995926
10.264769 0.0767974 0.0180097 -0.0109391 0.0069458 -0.0167670 -0.0220289 0.9995926
10.531368 0.0767974 0.0180097 -0.0109391 0.0069458 -0.0167670 -0.0220289 0.9995926
10.797980 0.0767974 0.0180097 -0.0109391 0.0069458 -0.0167670 -0.0220289 0.9995926
11.064601 0.0767974 0.0180097 -0.0109391 0.0069458 -0.0167670 -0.0220289 0.9995926
11.331213 0.0767974 0.0180097 -0.0109391 0.0069458 -0.0167670 -0.0220289 0.9995926
11.597837 0.0767974 0.0180097 -0.0109391 0.0069458 -0.0167670 -0.0220289 0.9995926
11.864453 0.0767974 0.0180097 -0.0109391 0.0069458 -0.0167670 -0.0220289 0.9995926
12.131071 0.0767974 0.0180097 -0.0109391 0.0069458 -0.0167670 -0.0220289 0.9995926
12.397683 0.0767974 0.0180097 -0.0109391 0.0069458 -0.0167670 -0.0220289 0.9995926
12.664308 0.0767974 0.0180097 -0.0109391 0.0069458 -0.0167670 -0.0220289 0.9995926
12.930917 0.0767974 0.0180097 -0.0109391 0.0069458 -0.0167670 -0.0220289 0.9995926
13.197545 0.0767974 0.0180097 -0.0109391 0.0069458 -0.0167670 -0.0220289 0.9995926
13.464151 0.0767974 0.0180097 -0.0109391 0.0069458 -0.0167670 -0.0220289 0.9995926
13.730767 0.0767974 0.0180097 -0.0109391 0.0069458 -0.0167670 -0.0220289 0.9995926
13.997391 0.0767974 0.0180097 -0.0109391 0.0069458 -0.0167670 -0.0220289 0.9995926
14.264002 0.0767974 0.0180097 -0.0109391 0.0069458 -0.0167670 -0.0220289 0.9995926
14.530619 0.0767974 0.0180097 -0.0109391 0.0069458 -0.0167670 -0.0220289 0.9995926
14.797235 0.0767974 0.0180097 -0.0109391 0.0069458 -0.0167670 -0.0220289 0.9995926
15.063850 0.0767974 0.0180097 -0.0109391 0.0069458 -0.0167670 -0.0220289 0.9995926
15.330468 0.0767974 0.0180097 -0.0109391 0.0069458 -0.0167670 -0.0220289 0.9995926
15.597083 0.0767974 0.0180097 -0.0109391 0.0069458 -0.0167670 -0.0220289 0.9995926
15.863701 0.0767974 0.0180097 -0.0109391 0.0069458 -0.0167670 -0.0220289 0.9995926
16.130347 0.0767974 0.0180097 -0.0109391 0.0069458 -0.0167670 -0.0220289 0.9995926
16.396936 0.0767974 0.0180097 -0.0109391 0.0069458 -0.0167670 -0.0220289 0.9995926
16.663552 0.0767974 0.0180097 -0.0109391 0.0069458 -0.0167670 -0.0220289 0.9995926
16.930170 0.0767974 0.0180097 -0.0109391 0.0069458 -0.0167670 -0.0220289 0.9995926
17.196789 0.0767974 0.0180097 -0.0109391 0.0069458 -0.0167670 -0.0220289 0.9995926
17.463408 0.0767974 0.0180097 -0.0109391 0.0069458 -0.0167670 -0.0220289 0.9995926
17.730018 0.0767974 0.0180097 -0.0109391 0.0069458 -0.0167670 -0.0220289 0.9995926
17.996639 0.0767974 0.0180097 -0.0109391 0.0069458 -0.0167670 -0.0220289 0.9995926
18.263252 0.0767974 0.0180097 -0.0109391 0.0069458 -0.0167670 -0.0220289 0.9995926
18.529870 0.0767974 0.0180097 -0.0109391 0.0069458 -0.0167670 -0.0220289 0.9995926
18.796492 0.0767974 0.0180097 -0.0109391 0.0069458 -0.0167670 -0.0220289 0.9995926
19.063103 0.0767974 0.0180097 -0.0109391 0.0069458 -0.0167670 -0.0220289 0.9995926
19.329719 0.0767974 0.0180097 -0.0109391 0.0069458 -0.0167670 -0.0220289 0.9995926
19.596342 0.0767974 0.0180097 -0.0109391 0.0069458 -0.0167670 -0.0220289 0.9995926
19.862952 0.0767974 0.0180097 -0.0109391 0.0069458 -0.0167670 -0.0220289 0.9995926
20.129620 0.0767974 0.0180097 -0.0109391 0.0069458 -0.0167670 -0.0220289 0.9995926
20.396188 0.0767974 0.0180097 -0.0109391 0.0069458 -0.0167670 -0.0220289 0.9995926
20.662805 0.0767974 0.0180097 -0.0109391 0.0069458 -0.0167670 -0.0220289 0.9995926
20.929422 0.0767974 0.0180097 -0.0109391 0.0069458 -0.0167670 -0.0220289 0.9995926
21.196044 0.0767974 0.0180097 -0.0109391 0.0069458 -0.0167670 -0.0220289 0.9995926
21.462653 0.0767974 0.0180097 -0.0109391 0.0069458 -0.0167670 -0.0220289 0.9995926
21.729275 0.0767974 0.0180097 -0.0109391 0.0069458 -0.0167670 -0.0220289 0.9995926
21.995888 0.0767974 0.0180097 -0.0109391 0.0069458 -0.0167670 -0.0220289 0.9995926
22.262506 0.0767974 0.0180097 -0.0109391 0.0069458 -0.0167670 -0.0220289 0.9995926
22.529122 0.0767974 0.0180097 -0.0109391 0.0069458 -0.0167670 -0.0220289 0.9995926
22.795742 0.0767974 0.0180097 -0.0109391 0.0069458 -0.0167670 -0.0220289 0.9995926
23.062357 0.0767974 0.0180097 -0.0109391 0.0069458 -0.0167670 -0.0220289 0.9995926
23.328973 0.0767974 0.0180097 -0.0109391 0.0069458 -0.0167670 -0.0220289 0.9995926
23.595591 0.0767974 0.0180097 -0.0109391 0.0069458 -0.0167670 -0.0220289 0.9995926
23.862217 0.0767974 0.0180097 -0.0109391 0.0069458 -0.0167670 -0.0220289 0.9995926
24.128827 0.0767974 0.0180097 -0.0109391 0.0069458 -0.0167670 -0.0220289 0.9995926
24.395443 0.0767974 0.0180097 -0.0109391 0.0069458 -0.0167670 -0.0220289 0.9995926
24.662060 0.0767974 0.0180097 -0.0109391 0.0069458 -0.0167670 -0.0220289 0.9995926
24.928675 0.0767974 0.0180097 -0.0109391 0.0069458 -0.0167670 -0.0220289 0.9995926
25.195298 0.0767974 0.0180097 -0.0109391 0.0069458 -0.0167670 -0.0220289 0.9995926
25.461912 0.0767974 0.0180097 -0.0109391 0.0069458 -0.0167670 -0.0220289 0.9995926
25.728523 0.0767974 0.0180097 -0.0109391 0.0069458 -0.0167670 -0.0220289 0.9995926
25.995179 0.0767974 0.0180097 -0.0109391 0.0069458 -0.0167670 -0.0220289 0.9995926
26.261765 0.0767974 0.0180097 -0.0109391 0.0069458 -0.0167670 -0.0220289 0.9995926
26.528374 0.0767974 0.0180097 -0.0109391 0.0069458 -0.0167670 -0.0220289 0.9995926
26.794998 0.0767974 0.0180097 -0.0109391 0.0069458 -0.0167670 -0.0220289 0.9995926
27.061609 0.0767974 0.0180097 -0.0109391 0.0069458 -0.0167670 -0.0220289 0.9995926
27.328230 0.0767974 0.0180097 -0.0109391 0.0069458 -0.0167670 -0.0220289 0.9995926
27.594842 0.0767974 0.0180097 -0.0109391 0.0069458 -0.0167670 -0.0220289 0.9995926
27.861462 0.0767974 0.0180097 -0.0109391 0.0069458 -0.0167670 -0.0220289 0.9995926
28.128081 0.0767974 0.0180097 -0.0109391 0.0069458 -0.0167670 -0.0220289 0.9995926
28.394696 0.0767974 0.0180097 -0.0109391 0.0069458 -0.0167670 -0.0220289 0.9995926
28.661315 0.0767974 0.0180097 -0.0109391 0.0069458 -0.0167670 -0.0220289 0.9995926
28.927926 0.0767974 0.0180097 -0.0109391 0.0069458 -0.0167670 -0.0220289 0.9995926
29.194546 0.0767974 0.0180097 -0.0109391 0.0069458 -0.0167670 -0.0220289 0.9995926
29.461166 0.0767974 0.0180097 -0.0109391 0.0069458 -0.0167670 -0.0220289 0.9995926
29.727777 0.0767974 0.0180097 -0.0109391 0.0069458 -0.0167670 -0.0220289 0.9995926
29.994396 0.0767974 0.0180097 -0.0109391 0.0069458 -0.0167670 -0.0220289 0.9995926
30.261015 0.0767974 0.0180097 -0.0109391 0.0069458 -0.0167670 -0.0220289 0.9995926
30.527629 0.0767974 0.0180097 -0.0109391 0.0069458 -0.0167670 -0.0220289 0.9995926
30.794249 0.0767974 0.0180097 -0.0109391 0.0069458 -0.0167670 -0.0220289 0.9995926
31.060862 0.0767974 0.0180097 -0.0109391 0.0069458 -0.0167670 -0.0220289 0.9995926
31.327479 0.0767974 0.0180097 -0.0109391 0.0069458 -0.0167670 -0.0220289 0.9995926
31.594103 0.0767974 0.0180097 -0.0109391 0.0069458 -0.0167670 -0.0220289 0.9995926
31.860712 0.0767974 0.0180097 -0.0109391 0.0069458 -0.0167670 -0.0220289 0.9995926
32.127327 0.0767974 0.0180097 -0.0109391 0.0069458 -0.0167670 -0.0220289 0.9995926
32.393945 0.0767974 0.0180097 -0.0109391 0.0069458 -0.0167670 -0.0220289 0.9995926
32.660564 0.0767974 0.0180097 -0.0109391 0.0069458 -0.0167670 -0.0220289 0.9995926
32.927183 0.0767974 0.0180097 -0.0109391 0.0069458 -0.0167670 -0.0220289 0.9995926
33.193796 0.0767974 0.0180097 -0.0109391 0.0069458 -0.0167670 -0.0220289 0.9995926
33.460415 0.0767974 0.0180097 -0.0109391 0.0069458 -0.0167670 -0.0220289 0.9995926
33.727031 0.0767974 0.0180097 -0.0109391 0.0069458 -0.0167670 -0.0220289 0.9995926
33.993654 0.0767974 0.0180097 -0.0109391 0.0069458 -0.0167670 -0.0220289 0.9995926
34.260262 0.0767974 0.0180097 -0.0109391 0.0069458 -0.0167670 -0.0220289 0.9995926
34.526898 0.0767974 0.0180097 -0.0109391 0.0069458 -0.0167670 -0.0220289 0.9995926
34.793501 0.0767974 0.0180097 -0.0109391 0.0069458 -0.0167670 -0.0220289 0.9995926
35.060116 0.0767974 0.0180097 -0.0109391 0.0069458 -0.0167670 -0.0220289 0.9995926
35.326736 0.0767974 0.0180097 -0.0109391 0.0069458 -0.0167670 -0.0220289 0.9995926
35.593353 0.0767974 0.0180097 -0.0109391 0.0069458 -0.0167670 -0.0220289 0.9995926
35.859976 0.0767974 0.0180097 -0.0109391 0.0069458 -0.0167670 -0.0220289 0.9995926
36.126591 0.0767974 0.0180097 -0.0109391 0.0069458 -0.0167670 -0.0220289 0.9995926
36.393202 0.0767974 0.0180097 -0.0109391 0.0069458 -0.0167670 -0.0220289 0.9995926
36.659828 0.0767974 0.0180097 -0.0109391 0.0069458 -0.0167670 -0.0220289 0.9995926
36.926432 0.0767974 0.0180097 -0.0109391 0.0069458 -0.0167670 -0.0220289 0.9995926
37.193052 0.0767974 0.0180097 -0.0109391 0.0069458 -0.0167670 -0.0220289 0.9995926
37.459669 0.0767974 0.0180097 -0.0109391 0.0069458 -0.0167670 -0.0220289 0.9995926
37.726282 0.0767974 0.0180097 -0.0109391 0.0069458 -0.0167670 -0.0220289 0.9995926
37.992901 0.0767974 0.0180097 -0.0109391 0.0069458 -0.0167670 -0.0220289 0.9995926
38.259518 0.0767974 0.0180097 -0.0109391 0.0069458 -0.0167670 -0.0220289 0.9995926
38.526134 0.0767974 0.0180097 -0.0109391 0.0069458 -0.0167670 -0.0220289 0.9995926
38.792756 0.0767974 0.0180097 -0.0109391 0.0069458 -0.0167670 -0.0220289 0.9995926
39.059367 0.0767974 0.0180097 -0.0109391 0.0069458 -0.0167670 -0.0220289 0.9995926
39.325986 0.0767974 0.0180097 -0.0109391 0.0069458 -0.0167670 -0.0220289 0.9995926
39.592615 0.0767974 0.0180097 -0.0109391 0.0069458 -0.0167670 -0.0220289 0.9995926
39.859219 0.0767974 0.0180097 -0.0109391 0.0069458 -0.0167670 -0.0220289 0.9995926
40.125836 0.0767974 0.0180097 -0.0109391 0.0069458 -0.0167670 -0.0220289 0.9995926
40.392451 0.0767974 0.0180097 -0.0109391 0.0069458 -0.0167670 -0.0220289 0.9995926
40.659069 0.0767974 0.0180097 -0.0109391 0.0069458 -0.0167670 -0.0220289 0.9995926
40.925684 0.0767974 0.0180097 -0.0109391 0.0069458 -0.0167670 -0.0220289 0.9995926
41.192302 0.0767974 0.0180097 -0.0109391 0.0069458 -0.0167670 -0.0220289 0.9995926
41.458924 0.0767974 0.0180097 -0.0109391 0.0069458 -0.0167670 -0.0220289 0.9995926
41.725538 0.0767974 0.0180097 -0.0109391 0.0069458 -0.0167670 -0.0220289 0.9995926
41.992153 0.0767974 0.0180097 -0.0109391 0.0069458 -0.0167670 -0.0220289 0.9995926
42.258774 0.0767974 0.0180097 -0.0109391 0.0069458 -0.0167670 -0.0220289 0.9995926
42.525387 0.0767974 0.0180097 -0.0109391 0.0069458 -0.0167670 -0.0220289 0.9995926
42.792004 0.0767974 0.0180097 -0.0109391 0.0069458 -0.0167670 -0.0220289 0.9995926
43.058620 0.0767974 0.0180097 -0.0109391 0.0069458 -0.0167670 -0.0220289 0.9995926
43.325239 0.0767974 0.0180097 -0.0109391 0.0069458 -0.0167670 -0.0220289 0.9995926
43.591855 0.0767974 0.0180097 -0.0109391 0.0069458 -0.0167670 -0.0220289 0.9995926
43.858471 0.0767974 0.0180097 -0.0109391 0.0069458 -0.0167670 -0.0220289 0.9995926
44.125088 0.0767974 0.0180097 -0.0109391 0.0069458 -0.0167670 -0.0220289 0.9995926
44.391707 0.0767974 0.0180097 -0.0109391 0.0069458 -0.0167670 -0.0220289 0.9995926
44.658322 0.0767974 0.0180097 -0.0109391 0.0069458 -0.0167670 -0.0220289 0.9995926
44.924937 0.0767974 0.0180097 -0.0109391 0.0069458 -0.0167670 -0.0220289 0.9995926
45.191559 0.0767974 0.0180097 -0.0109391 0.0069458 -0.0167670 -0.0220289 0.9995926
45.458176 0.0767974 0.0180097 -0.0109391 0.0069458 -0.0167670 -0.0220289 0.9995926
45.724789 0.0767974 0.0180097 -0.0109391 0.0069458 -0.0167670 -0.0220289 0.9995926
45.991410 0.0767974 0.0180097 -0.0109391 0.0069458 -0.0167670 -0.0220289 0.9995926
46.258027 0.0767974 0.0180097 -0.0109391 0.0069458 -0.0167670 -0.0220289 0.9995926
46.524642 0.0767974 0.0180097 -0.0109391 0.0069458 -0.0167670 -0.0220289 0.9995926
46.791256 0.0767974 0.0180097 -0.0109391 0.0069458 -0.0167670 -0.0220289 0.9995926
47.057878 0.0767974 0.0180097 -0.0109391 0.0069458 -0.0167670 -0.0220289 0.9995926
47.324496 0.0767974 0.0180097 -0.0109391 0.0069458 -0.0167670 -0.0220289 0.9995926
47.591110 0.0767974 0.0180097 -0.0109391 0.0069458 -0.0167670 -0.0220289 0.9995926
47.857727 0.0767974 0.0180097 -0.0109391 0.0069458 -0.0167670 -0.0220289 0.9995926
48.124340 0.0767974 0.0180097 -0.0109391 0.0069458 -0.0167670 -0.0220289 0.9995926
48.390959 0.0767974 0.0180097 -0.0109391 0.0069458 -0.0167670 -0.0220289 0.9995926
48.657582 0.0767974 0.0180097 -0.0109391 0.0069458 -0.0167670 -0.0220289 0.9995926
48.924192 0.0767974 0.0180097 -0.0109391 0.0069458 -0.0167670 -0.0220289 0.9995926
49.190810 0.0767974 0.0180097 -0.0109391 0.0069458 -0.0167670 -0.0220289 0.9995926
49.457426 0.0767974 0.0180097 -0.0109391 0.0069458 -0.0167670 -0.0220289 0.9995926
49.724043 0.0767974 0.0180097 -0.0109391 0.0069458 -0.0167670 -0.0220289 0.9995926
49.990662 0.0767974 0.0180097 -0.0109391 0.0069458 -0.0167670 -0.0220289 0.9995926
50.257281 0.0767974 0.0180097 -0.0109391 0.0069458 -0.0167670 -0.0220289 0.9995926
50.523895 0.0767974 0.0180097 -0.0109391 0.0069458 -0.0167670 -0.0220289 0.9995926
50.790512 0.0767974 0.0180097 -0.0109391 0.0069458 -0.0167670 -0.0220289 0.9995926
51.057130 0.0767974 0.0180097 -0.0109391 0.0069458 -0.0167670 -0.0220289 0.9995926
51.323744 0.0767974 0.0180097 -0.0109391 0.0069458 -0.0167670 -0.0220289 0.9995926
51.590366 0.0767974 0.0180097 -0.0109391 0.0069458 -0.0167670 -0.0220289 0.9995926
51.856980 0.0767974 0.0180097 -0.0109391 0.0069458 -0.0167670 -0.0220289 0.9995926
52.123592 0.0767974 0.0180097 -0.0109391 0.0069458 -0.0167670 -0.0220289 0.9995926
52.390212 0.0767974 0.0180097 -0.0109391 0.0069458 -0.0167670 -0.0220289 0.9995926
52.656831 0.0767974 0.0180097 -0.0109391 0.0069458 -0.0167670 -0.0220289 0.9995926
52.923450 0.0767974 0.0180097 -0.0109391 0.0069458 -0.0167670 -0.0220289 0.9995926
53.190065 0.0767974 0.0180097 -0.0109391 0.0069458 -0.0167670 -0.0220289 0.9995926
53.456679 0.0767974 0.0180097 -0.0109391 0.0069458 -0.0167670 -0.0220289 0.9995926
53.723296 0.0767974 0.0180097 -0.0109391 0.0069458 -0.0167670 -0.0220289 0.9995926
53.989932 0.0767974 0.0180097 -0.0109391 0.0069458 -0.0167670 -0.0220289 0.9995926
54.256529 0.0767974 0.0180097 -0.0109391 0.0069458 -0.0167670 -0.0220289 0.9995926
54.523149 0.0767974 0.0180097 -0.0109391 0.0069458 -0.0167670 -0.0220289 0.9995926
54.789765 0.0767974 0.0180097 -0.0109391 0.0069458 -0.0167670 -0.0220289 0.9995926
55.056382 0.0767974 0.0180097 -0.0109391 0.0069458 -0.0167670 -0.0220289 0.9995926
55.322997 0.0767974 0.0180097 -0.0109391 0.0069458 -0.0167670 -0.0220289 0.9995926
55.589614 0.0767974 0.0180097 -0.0109391 0.0069458 -0.0167670 -0.0220289 0.9995926
55.856234 0.0767974 0.0180097 -0.0109391 0.0069458 -0.0167670 -0.0220289 0.9995926
56.122858 0.0767974 0.0180097 -0.0109391 0.0069458 -0.0167670 -0.0220289 0.9995926
56.389469 0.0767974 0.0180097 -0.0109391 0.0069458 -0.0167670 -0.0220289 0.9995926
56.656082 0.0767974 0.0180097 -0.0109391 0.0069458 -0.0167670 -0.0220289 0.9995926
56.922699 0.0767974 0.0180097 -0.0109391 0.0069458 -0.0167670 -0.0220289 0.9995926
57.189316 0.0767974 0.0180097 -0.0109391 0.0069458 -0.0167670 -0.0220289 0.9995926
57.455932 0.0767974 0.0180097 -0.0109391 0.0069458 -0.0167670 -0.0220289 0.9995926
57.722549 0.0767974 0.0180097 -0.0109391 0.0069458 -0.0167670 -0.0220289 0.9995926
57.989165 0.0767974 0.0180097 -0.0109391 0.0069458 -0.0167670 -0.0220289 0.9995926
58.255781 0.0767974 0.0180097 -0.0109391 0.0069458 -0.0167670 -0.0220289 0.9995926
58.522398 0.0767974 0.0180097 -0.0109391 0.0069458 -0.0167670 -0.0220289 0.9995926
58.789021 0.0767974 0.0180097 -0.0109391 0.0069458 -0.0167670 -0.0220289 0.9995926
59.055631 0.0767974 0.0180097 -0.0109391 0.0069458 -0.0167670 -0.0220289 0.9995926
59.322252 0.0767974 0.0180097 -0.0109391 0.0069458 -0.0167670 -0.0220289 0.9995926
59.588871 0.0767974 0.0180097 -0.0109391 0.0069458 -0.0167670 -0.0220289 0.9995926
59.855483 0.0767974 0.0180097 -0.0109391 0.0069458 -0.0167670 -0.0220289 0.9995926
60.122100 0.0767974 0.0180097 -0.0109391 0.0069458 -0.0167670 -0.0220289 0.9995926
60.388720 0.0767974 0.0180097 -0.0109391 0.0069458 -0.0167670 -0.0220289 0.9995926
60.655335 0.0767974 0.0180097 -0.0109391 0.0069458 -0.0167670 -0.0220289 0.9995926
60.921952 0.0767974 0.0180097 -0.0109391 0.0069458 -0.0167670 -0.0220289 0.9995926
61.188569 0.0767974 0.0180097 -0.0109391 0.0069458 -0.0167670 -0.0220289 0.9995926
61.455184 0.0767974 0.0180097 -0.0109391 0.0069458 -0.0167670 -0.0220289 0.9995926
61.721801 0.0767974 0.0180097 -0.0109391 0.0069458 -0.0167670 -0.0220289 0.9995926
61.988421 0.0767974 0.0180097 -0.0109391 0.0069458 -0.0167670 -0.0220289 0.9995926
62.255034 0.0767974 0.0180097 -0.0109391 0.0069458 -0.0167670 -0.0220289 0.9995926
62.521652 0.0767974 0.0180097 -0.0109391 0.0069458 -0.0167670 -0.0220289 0.9995926
62.788270 0.0767974 0.0180097 -0.0109391 0.0069458 -0.0167670 -0.0220289 0.9995926
63.054888 0.0767974 0.0180097 -0.0109391 0.0069458 -0.0167670 -0.0220289 0.9995926
63.321504 0.0767974 0.0180097 -0.0109391 0.0069458 -0.0167670 -0.0220289 0.9995926
63.588122 0.0767974 0.0180097 -0.0109391 0.0069458 -0.0167670 -0.0220289 0.9995926
63.854736 0.0767974 0.0180097 -0.0109391 0.0069458 -0.0167670 -0.0220289 0.9995926
64.121352 0.0767974 0.0180097 -0.0109391 0.0069458 -0.0167670 -0.0220289 0.9995926
64.387972 0.0767974 0.0180097 -0.0109391 0.0069458 -0.0167670 -0.0220289 0.9995926
64.654593 0.0767974 0.0180097 -0.0109391 0.0069458 -0.0167670 -0.0220289 0.9995926
64.921219 0.0767974 0.0180097 -0.0109391 0.0069458 -0.0167670 -0.0220289 0.9995926
65.187822 0.0767974 0.0180097 -0.0109391 0.0069458 -0.0167670 -0.0220289 0.9995926
65.454440 0.0767974 0.0180097 -0.0109391 0.0069458 -0.0167670 -0.0220289 0.9995926
65.721058 0.0767974 0.0180097 -0.0109391 0.0069458 -0.0167670 -0.0220289 0.9995926
65.987674 0.0767974 0.0180097 -0.0109391 0.0069458 -0.0167670 -0.0220289 0.9995926
66.254288 0.0767974 0.0180097 -0.0109391 0.0069458 -0.0167670 -0.0220289 0.9995926
66.520908 0.0767974 0.0180097 -0.0109391 0.0069458 -0.0167670 -0.0220289 0.9995926
66.787523 0.0767974 0.0180097 -0.0109391 0.0069458 -0.0167670 -0.0220289 0.9995926
67.054139 0.0767974 0.0180097 -0.0109391 0.0069458 -0.0167670 -0.0220289 0.9995926
67.320758 0.0767974 0.0180097 -0.0109391 0.0069458 -0.0167670 -0.0220289 0.9995926
67.587374 0.0767974 0.0180097 -0.0109391 0.0069458 -0.0167670 -0.0220289 0.9995926
67.853992 0.0767974 0.0180097 -0.0109391 0.0069458 -0.0167670 -0.0220289 0.9995926
68.120612 0.0767974 0.0180097 -0.0109391 0.0069458 -0.0167670 -0.0220289 0.9995926
68.387225 0.0767974 0.0180097 -0.0109391 0.0069458 -0.0167670 -0.0220289 0.9995926
68.653843 0.0767974 0.0180097 -0.0109391 0.0069458 -0.0167670 -0.0220289 0.9995926
68.920467 0.0767974 0.0180097 -0.0109391 0.0069458 -0.0167670 -0.0220289 0.9995926
69.187076 0.0767974 0.0180097 -0.0109391 0.0069458 -0.0167670 -0.0220289 0.9995926
69.453694 0.0767974 0.0180097 -0.0109391 0.0069458 -0.0167670 -0.0220289 0.9995926
69.720308 0.0767974 0.0180097 -0.0109391 0.0069458 -0.0167670 -0.0220289 0.9995926
69.986933 0.0767974 0.0180097 -0.0109391 0.0069458 -0.0167670 -0.0220289 0.9995926
70.253542 0.0767974 0.0180097 -0.0109391 0.0069458 -0.0167670 -0.0220289 0.9995926
70.520158 0.0767974 0.0180097 -0.0109391 0.0069458 -0.0167670 -0.0220289 0.9995926
70.786783 0.0767974 0.0180097 -0.0109391 0.0069458 -0.0167670 -0.0220289 0.9995926
71.053397 0.0767974 0.0180097 -0.0109391 0.0069458 -0.0167670 -0.0220289 0.9995926
