9.864836 0.0000000 0.0000000 0.0000000 -0.0000000 -0.0000000 -0.0000000 1.0000000
10.064784 0.0140425 0.0007016 -0.0014279 0.0036646 -0.0023135 0.0023232 0.9999879
10.331400 0.0386831 0.0086039 -0.0007929 0.0069144 -0.0350845 -0.0064080 0.9993399
10.598018 0.0532270 0.0069012 0.0049436 0.0066642 -0.0617133 -0.0162161 0.9979399
10.864639 0.0534995 0.0000114 0.0174644 0.0075206 -0.0908826 -0.0379853 0.9951085
11.131255 0.0526443 -0.0081094 0.0204882 0.0146175 -0.1041541 -0.0604851 0.9926127
11.397870 0.0552609 -0.0120359 0.0244515 0.0176989 -0.1226618 -0.0812129 0.9889618
11.664488 0.0663513 -0.0126527 0.0290032 0.0238012 -0.1517983 -0.0972500 0.9833276
11.931108 0.0819552 -0.0134808 0.0266782 0.0438316 -0.1810547 -0.1322586 0.9735531
12.997570 0.0914676 -0.0103006 0.0256688 0.0420884 -0.2166453 -0.1518809 0.9634447
13.264185 0.1021418 -0.0152485 0.0325013 0.0571436 -0.2708371 -0.1876583 0.9424257
13.530807 0.1197928 -0.0213359 0.0421573 0.0667458 -0.3345020 -0.2392204 0.9090803
13.797421 0.1338569 -0.0246349 0.0441443 0.0772098 -0.3822979 -0.2771575 0.8781063
14.330654 0.1322309 -0.0323032 0.0512386 0.0755828 -0.3875765 -0.2829465 0.8740784
14.863890 0.1153710 -0.0350202 0.0575342 0.0672659 -0.3707670 -0.2916778 0.8791651
15.130507 0.1125764 -0.0362975 0.0576542 0.0641258 -0.3662400 -0.2913706 0.8813962
15.397123 0.1120129 -0.0374214 0.0581121 0.0616727 -0.3697049 -0.2921020 0.8798813
15.663738 0.1142530 -0.0422571 0.0634033 0.0640044 -0.3889320 -0.3048699 0.8670004
15.930357 0.1225277 -0.0516831 0.0764281 0.0616921 -0.4246798 -0.3211788 0.8442069
16.196973 0.1386114 -0.0630160 0.0910816 0.0675382 -0.4674723 -0.3533541 0.8074955
16.463592 0.1548128 -0.0744501 0.1060677 0.0770279 -0.5008238 -0.3769177 0.7753549
