51.590366 0.0000000 0.0000000 0.0000000 -0.0000000 -0.0000000 -0.0000000 1.0000000
51.756995 0.0964124 0.0020186 0.0224209 0.0012432 -0.0188809 0.0014376 0.9998199
52.023616 0.2365464 -0.0607207 0.1077220 -0.1279622 -0.0185655 0.9886944 0.0759235
52.290234 0.0198725 -0.0505181 0.0885875 0.0435165 0.0267453 -0.3392845 -0.9392961
52.556848 0.1666545 0.1055955 0.1273350 0.0920326 -0.0035169 -0.7085620 0.6996126
52.823467 0.1830838 -0.1111884 0.1396979 -0.1195038 -0.0238415 0.9243134 0.3616563
53.090080 0.0078991 0.0177026 0.1289615 0.0066366 0.0232018 -0.0546030 -0.9982166
53.356698 0.2156696 0.0637922 0.1750617 0.1140244 0.0046848 -0.8792302 0.4625266
53.623313 0.1102081 -0.1266368 0.1693349 -0.1007814 -0.0270698 0.7805437 0.6163294
53.889929 0.0347223 0.0775354 0.1750952 -0.0308138 0.0176655 0.2347714 -0.9714015
54.156546 0.2329515 -0.0019734 0.2175393 0.1262229 0.0124842 -0.9743834 0.1857119
54.423164 0.0403689 -0.1021083 0.2001362 -0.0734027 -0.0279732 0.5697328 0.8180673
54.689782 0.0892748 0.1086284 0.2249452 -0.0656175 0.0106120 0.5039797 -0.8611541
54.956400 0.2106405 -0.0698274 0.2539535 0.1275803 0.0192113 -0.9858472 -0.1070493
55.223015 -0.0050043 -0.0460873 0.2352141 -0.0397201 -0.0264739 0.3099921 0.9495401
55.489637 0.1511665 0.1002931 0.2752206 -0.0947852 0.0026471 0.7298996 -0.6769456
55.756248 0.1541889 -0.1171968 0.2855310 0.1179802 0.0242883 -0.9126399 -0.3906141
56.022868 -0.0127107 0.0223569 0.2762437 -0.0026262 -0.0227009 0.0236293 0.9994596
56.289483 0.1975427 0.0550963 0.3224888 -0.1158118 -0.0055451 0.8931299 -0.4345985
56.556101 0.0805238 -0.1283962 0.3151249 0.0982473 0.0272792 -0.7610497 -0.6406299
56.822716 0.0177901 0.0799802 0.3229000 0.0346931 -0.0169782 -0.2647629 0.9635397
57.089333 0.2107653 -0.0120057 0.3643256 -0.1268920 -0.0132610 0.9796536 -0.1549241
57.355950 0.0123579 -0.0998958 0.3462505 0.0700761 0.0279273 -0.5440943 -0.8356261
57.622567 0.0741966 0.1071761 0.3729645 0.0690334 -0.0097973 -0.5304191 0.8448634
57.889184 0.1843377 -0.0786934 0.4001356 -0.1270738 -0.0198381 0.9820378 0.1380597
58.155803 -0.0294436 -0.0415145 0.3819166 0.0358858 0.0261767 -0.2804057 -0.9588533
58.422424 0.1354963 0.0945633 0.4230779 0.0974447 -0.0017748 -0.7505202 0.6536214
58.689039 0.1250938 -0.1227847 0.4313484 -0.1163413 -0.0247114 0.9000749 0.4191887
58.955654 -0.0328771 0.0268868 0.4235980 -0.0013871 0.0221779 0.0073700 -0.9997260
59.222268 0.1790323 0.0461449 0.4698573 0.1174866 0.0064001 -0.9061601 0.4062387
59.488888 0.0508996 -0.1296928 0.4609357 -0.0956161 -0.0274622 0.7408044 0.6643134
59.755503 0.0011623 0.0820761 0.4707485 -0.0385407 0.0162741 0.2945116 -0.9547318
60.022121 0.1881188 -0.0220378 0.5110451 0.1274373 0.0140253 -0.9839693 0.1239656
60.288739 -0.0153511 -0.0973327 0.4924207 -0.0666785 -0.0278542 0.5179070 0.8523793
60.555354 0.0591812 0.1052629 0.5209870 -0.0723841 0.0089726 0.5563580 -0.8277354
60.821971 0.1576514 -0.0873015 0.5462617 0.1264427 0.0204460 -0.9772654 -0.1689575
61.088590 -0.0534373 -0.0368181 0.5286838 -0.0320136 -0.0258538 0.2505226 0.9672359
61.355209 0.1196262 0.0884156 0.5708888 -0.1000107 0.0009002 0.7704211 -0.6296414
61.621821 0.0958217 -0.1279413 0.5771332 0.1145876 0.0251105 -0.8866220 -0.4473707
61.888440 -0.0526038 0.0312684 0.5709992 0.0054011 -0.0216328 -0.0383789 0.9990146
62.155059 0.1601261 0.0369615 0.6171427 -0.1190470 -0.0072493 0.9183095 -0.3774692
62.421676 0.0213687 -0.1305315 0.6067487 0.0928905 0.0276182 -0.7198275 -0.6873550
62.688289 -0.0151823 0.0838008 0.6186133 0.0423514 -0.0155538 -0.3239799 0.9449876
62.954904 0.1650150 -0.0320367 0.6576750 -0.1278582 -0.0147761 0.9873234 -0.0928790
63.221525 -0.0427302 -0.0944401 0.6386272 0.0632154 0.0277538 -0.4912092 -0.8683013
63.488140 0.0441955 0.1028837 0.6689895 0.0756640 -0.0081391 -0.5817530 0.8097977
63.754757 0.1306019 -0.0956213 0.6923261 -0.1256880 -0.0210338 0.9715378 0.1996858
64.021371 -0.0769776 -0.0320373 0.6755129 0.0281110 0.0255058 -0.2204039 -0.9746699
64.287994 0.1035207 0.0818666 0.7186515 0.1024780 -0.0000252 -0.7895603 0.6050560
64.554608 0.0664075 -0.1326546 0.7229044 -0.1127224 -0.0254850 0.8723086 0.4751021
64.821224 -0.0719090 0.0354633 0.7184682 -0.0094081 0.0210671 0.0693338 -0.9973267
65.087843 0.1408005 0.0275778 0.7643742 0.1204902 0.0080908 -0.9295543 0.3483467
65.354457 -0.0080404 -0.1309236 0.7526044 -0.0900755 -0.0277474 0.6981583 0.7097124
65.621072 -0.0312792 0.0851335 0.7665246 -0.0461188 0.0148189 0.3531159 -0.9343247
65.887690 0.1414524 -0.0419690 0.8042523 0.1281538 0.0155120 -0.9897105 0.0617184
66.154308 -0.0697631 -0.0912471 0.7849058 -0.0596921 -0.0276265 0.4640446 0.8833665
66.420923 0.0292026 0.1000390 0.8169942 -0.0788686 0.0072979 0.6065688 -0.7910757
66.687542 0.1032074 -0.1036314 0.8383534 0.1248105 0.0216009 -0.9648625 -0.2302092
66.954160 -0.1000636 -0.0272007 0.8224248 -0.0241823 -0.0251329 0.1900772 0.9811494
67.220777 0.0871545 0.0749335 0.8663840 -0.1048441 -0.0008497 0.8079236 -0.5798850
67.487391 0.0368724 -0.1369181 0.8686821 0.1107477 0.0258344 -0.8571459 -0.5023630
67.754007 -0.0908056 0.0394505 0.8660129 0.0134043 -0.0204808 -0.1002142 0.9946648
68.020631 0.1210471 0.0180194 0.9115521 -0.1218152 -0.0089244 0.9398887 -0.3188900
68.287245 -0.0373033 -0.1308754 0.8985048 0.0871734 0.0278492 -0.6758124 -0.7313706
68.553866 -0.0471504 0.0860628 0.9144822 0.0498398 -0.0140696 -0.3818990 0.9227520
68.820475 0.1174360 -0.0518079 0.9507836 -0.1283239 -0.0162326 0.9911301 -0.0305069
69.087092 -0.0964347 -0.0877714 0.9312682 0.0561120 0.0274721 -0.4364361 -0.8975636
69.353721 0.0141751 0.0967311 0.9650115 0.0819946 -0.0064500 -0.6307827 0.7715883
69.620340 0.0754842 -0.1113109 0.9843631 -0.1238115 -0.0221466 0.9572476 0.2604946
69.886947 -0.1226947 -0.0223344 0.9694302 0.0202316 0.0247356 -0.1595773 -0.9866681
70.153560 0.0705059 0.0676325 1.0140876 0.1071072 0.0017235 -0.8254914 0.5541562
70.420177 0.0072440 -0.1407244 1.0144736 -0.1086655 -0.0261585 0.8411511 0.5291241
70.686801 -0.1093063 0.0432053 1.0136334 -0.0173867 0.0198746 0.1309877 -0.9910323
70.953412 0.1008552 0.0083120 1.0586826 0.1230210 0.0097489 -0.9493021 0.2891304
71.220032 -0.0663945 -0.1303971 1.0444636 -0.0841868 -0.0279238 0.6528131 0.7523084
71.486644 -0.0628215 0.0865756 1.0624895 -0.0535113 0.0133067 0.4103001 -0.9102820
71.753265 0.0929700 -0.0615253 1.0972774 0.1283689 0.0169370 -0.9915816 -0.0007248
72.019878 -0.1227278 -0.0840378 1.0777251 -0.0524777 -0.0272910 0.4084088 0.9108807
72.286500 -0.0009158 0.0929617 1.1130480 -0.0850403 0.0055959 0.6543757 -0.7513517
72.553117 0.0474507 -0.1186405 1.1303741 0.1226919 0.0226706 -0.9486992 -0.2905210
72.819731 -0.1448714 -0.0174671 1.1165568 -0.0162612 -0.0243141 0.1289258 0.9912227
73.086346 0.0535472 0.0599805 1.1618011 -0.1092658 -0.0025955 0.8422508 -0.5278902
