14.164019 0.0000000 0.0000000 0.0000000 -0.0000000 -0.0000000 -0.0000000 1.0000000
14.463964 0.0019888 -0.0576174 0.1101039 -0.0112437 0.0133645 0.0084506 0.9998118
14.730579 -0.0104315 -0.0553007 0.1266681 -0.0111025 0.0170147 0.0051469 0.9997804
14.997195 -0.0030586 -0.0590531 0.1344492 -0.0134700 0.0170986 0.0050446 0.9997504
15.263815 -0.0017337 -0.0600944 0.1379749 -0.0150559 0.0192403 0.0058043 0.9996847
15.530430 -0.0033116 -0.0603741 0.1347723 -0.0172932 0.0082974 -0.0025929 0.9998127
15.797046 -0.0037439 -0.0611209 0.1329540 -0.0131274 -0.0108060 -0.0187923 0.9996789
16.063666 -0.0006907 -0.0637084 0.1371177 -0.0104938 -0.0567503 -0.0441846 0.9973550
16.330282 0.0032936 -0.0667670 0.1376777 -0.0054842 -0.0961464 -0.0791423 0.9922007
16.596898 0.0011095 -0.0702105 0.1433262 -0.0019642 -0.1120666 -0.0953700 0.9891116
