7.198652 0.3652574 -0.9352250 0.0785083 -0.9005389 -0.1502320 0.0001869 0.4079951
8.665048 0.5742592 -0.8317763 0.0731490 -0.8601970 -0.2818649 0.0686097 0.4194115
11.597837 0.8164567 -0.6055725 0.0794716 -0.8053536 -0.4177514 0.1529105 0.3918007
14.463964 0.9039313 -0.4255715 0.0972238 -0.6253721 -0.6459088 0.2888108 0.3290896
14.663927 0.8914686 -0.4342885 0.0950966 -0.6233793 -0.6493981 0.2793755 0.3341103
14.863890 0.8780892 -0.4396290 0.0930203 -0.6222503 -0.6536071 0.2727859 0.3334519
15.530430 0.8642991 -0.4311320 0.0978943 -0.6196588 -0.6602873 0.2743785 0.3236668
18.029963 0.7380152 0.0085070 0.1108598 -0.3863956 -0.8061112 0.3721084 0.2498371
18.563196 0.7128149 0.0889891 0.1167168 -0.3770710 -0.8096243 0.3803172 0.2401769
21.396003 0.4209501 0.5056530 0.1119137 -0.1757821 -0.8838167 0.4052456 0.1540934
23.628917 0.1832619 0.6351386 0.1177124 0.0383001 -0.8919821 0.4486744 0.0399058
26.428393 -0.0291691 0.5634447 0.1030065 0.2050982 -0.8767861 0.4295751 -0.0681629
28.228058 -0.2479048 0.4652551 0.0793992 0.2449562 -0.8758480 0.4104728 -0.0663236
30.294339 -0.4434925 0.3586239 0.0802099 0.4213173 -0.8031920 0.3843134 -0.1722718
31.994024 -0.5352390 0.1874423 0.0935557 0.5728203 -0.6779916 0.3728289 -0.2705604
34.526898 -0.2794065 -0.2362061 0.0858650 -0.7364470 0.4864618 -0.3081373 0.3550384
36.126591 -0.0868073 -0.4140048 0.0698996 -0.8249578 0.3274891 -0.2176012 0.4060112
38.592790 0.1709688 -0.8488442 0.0439616 -0.8825337 0.1797387 -0.1474726 0.4087544
41.125679 0.3041690 -1.0250564 0.0716008 -0.8659011 -0.1290854 -0.0170475 0.4829717
42.192113 0.2858354 -1.0086098 0.0719621 -0.8719208 -0.1195967 -0.0320134 0.4737362
44.258406 0.5253147 -0.9591593 0.0477151 -0.8492963 -0.2736547 0.0603974 0.4473937
44.591668 0.5553128 -0.8828896 0.0504189 -0.8428051 -0.2872259 0.0582276 0.4514314
46.258027 0.7700808 -0.6311001 0.0643270 -0.7690739 -0.4655064 0.1378843 0.4157126
47.657762 0.8074437 -0.5446514 0.0927753 -0.6696241 -0.5730975 0.2258122 0.4149357
48.091015 0.8192561 -0.5666592 0.0966293 -0.6774830 -0.5613058 0.1993537 0.4315214
48.590923 0.8474675 -0.5424094 0.1004801 -0.6821605 -0.5516982 0.2102129 0.4313894
50.890493 0.8558661 -0.0478017 0.1171790 -0.4828232 -0.7271548 0.3390550 0.3509549
51.223761 0.8233145 0.0119483 0.1147050 -0.4730280 -0.7337418 0.3556569 0.3337302
51.890308 0.7191770 0.0935879 0.1169803 -0.4763930 -0.7394276 0.3640488 0.3062109
53.156734 0.5794090 0.3308877 0.1248420 -0.3236629 -0.8137199 0.4027320 0.2662882
53.556663 0.5367579 0.3615616 0.1230161 -0.3442495 -0.8050663 0.4003600 0.2703191
54.823090 0.3802458 0.5821188 0.1212807 -0.1988304 -0.8579875 0.4431727 0.1670983
55.489637 0.2989412 0.5864353 0.1372986 -0.1468060 -0.8558099 0.4722798 0.1516226
55.789575 0.2817575 0.6232708 0.1450738 -0.1036317 -0.8628088 0.4789583 0.1241789
56.389469 0.2559349 0.6573180 0.1260539 -0.0272797 -0.8760034 0.4770592 0.0654870
56.689409 0.2199018 0.6193872 0.1258367 0.0007005 -0.8820278 0.4674700 0.0591462
57.689222 0.0010094 0.6349398 0.1200699 0.2008964 -0.8561257 0.4757276 -0.0193071
58.089147 -0.0391838 0.6166728 0.1263990 0.2316833 -0.8424160 0.4834224 -0.0544126
58.389090 -0.0520479 0.5687648 0.1268030 0.2436803 -0.8434054 0.4758299 -0.0536026
58.855671 -0.1076884 0.5190905 0.1203076 0.2403695 -0.8448066 0.4737169 -0.0641601
60.288739 -0.3358226 0.3760076 0.1130844 0.3299562 -0.8154712 0.4637955 -0.1050206
60.688663 -0.3542766 0.3432845 0.1115485 0.3598537 -0.8047099 0.4533547 -0.1319733
61.221899 -0.4131642 0.3412966 0.1200345 0.4192851 -0.7667387 0.4552509 -0.1704652
62.055072 -0.3931468 0.2415810 0.0966856 0.4983060 -0.7312282 0.4234708 -0.1940852
62.388344 -0.3749785 0.2002726 0.0870155 0.5412676 -0.7096066 0.3974171 -0.2134189
63.021560 -0.4323327 0.0293750 0.0820220 -0.6427020 0.5952309 -0.3825236 0.2937855
63.654774 -0.3855313 -0.1119555 0.0691476 -0.6659310 0.5828561 -0.3650260 0.2890862
63.988046 -0.3296370 -0.1715826 0.0879447 -0.6561803 0.5935158 -0.3834443 0.2648340
64.287994 -0.3012363 -0.2017522 0.0760717 -0.6646558 0.5906909 -0.3700645 0.2690154
64.654593 -0.2677287 -0.2781866 0.0641696 -0.6930518 0.5648065 -0.3392043 0.2925977
65.321129 -0.2022732 -0.4490168 0.0696006 -0.7276123 0.5016815 -0.3149028 0.3460236
65.654400 -0.1367391 -0.4796600 0.0648389 -0.7461609 0.4781663 -0.3018625 0.3513973
65.987674 -0.0879536 -0.5219406 0.0565985 -0.7684852 0.4604783 -0.2869074 0.3392264
66.320943 -0.0480278 -0.6122409 0.0571104 -0.7947212 0.4059234 -0.2574019 0.3706598
66.620893 -0.0349928 -0.7184380 0.0606943 -0.8215642 0.3480551 -0.2396273 0.3827122
66.954160 -0.0091599 -0.7879279 0.0682998 -0.8223770 0.3342137 -0.2283070 0.3998415
67.254103 0.0472128 -0.8142620 0.0607159 -0.8259537 0.3243881 -0.2126291 0.4090987
67.554048 0.1174118 -0.8212156 0.0601391 -0.8446015 0.2951816 -0.1986180 0.4000838
67.887316 0.1666011 -0.8282065 0.0543450 -0.8682026 0.2438954 -0.1578161 0.4022852
68.253915 0.2352949 -0.9256176 0.0383589 -0.8850071 0.1274962 -0.0913858 0.4383558
68.553866 0.3031026 -1.0392079 0.0445657 -0.8964095 0.1138796 -0.0883370 0.4191397
68.853807 0.3160237 -1.0839430 0.0526112 -0.8898984 0.0870950 -0.0967193 0.4371966
69.153746 0.3143224 -1.0844960 0.0564578 -0.8910128 0.0635791 -0.0841050 0.4415657
69.653658 0.2935216 -1.0621614 0.0600080 -0.8948058 0.0442432 -0.0814371 0.4367299
70.186886 0.2994099 -1.0499232 0.0558883 -0.8930373 -0.0332555 -0.0408489 0.4468891
70.520158 0.3246262 -1.0876465 0.0595292 -0.8875893 -0.0781258 -0.0181096 0.4536008
70.820105 0.3197659 -1.0977101 0.0763370 -0.8741497 -0.0850687 -0.0126531 0.4779807
71.153378 0.2912866 -1.0685958 0.0889028 -0.8645387 -0.0887866 -0.0085891 0.4945866
71.453320 0.2696568 -1.0384262 0.1033069 -0.8541681 -0.1001093 -0.0193477 0.5099027
71.986560 0.2596158 -1.0143948 0.0978148 -0.8678336 -0.0973299 -0.0313091 0.4862217
72.519787 0.2658578 -1.0021751 0.0898290 -0.8783959 -0.0856188 -0.0338547 0.4689818
73.053021 0.2648647 -1.0023494 0.0894378 -0.8777644 -0.0926817 -0.0323929 0.4689248
