35.326736 0.0000000 0.0000000 0.0000000 -0.0000000 -0.0000000 -0.0000000 1.0000000
35.493368 0.0002898 0.0000825 0.0000134 0.0066712 -0.0259669 -0.0175757 0.9994860
35.759997 0.0006751 0.0000087 0.0001882 0.0097579 -0.0517782 -0.0372376 0.9979165
36.026602 0.0010707 -0.0001953 0.0004988 0.0028447 -0.0430664 -0.0546108 0.9975745
38.959388 0.0089210 0.0010251 -0.0000344 0.0027630 -0.1981205 -0.1957713 0.9604240
40.559089 0.0110866 0.0008359 0.0001752 0.0522011 -0.3997285 -0.3238674 0.8559217
42.692020 0.0104785 0.0009151 -0.0002335 0.0620612 -0.3710113 -0.3239666 0.8680695
43.758490 0.0115429 0.0001106 0.0012509 0.0550329 -0.4741417 -0.3889569 0.7879553
45.624808 0.0115773 -0.0036167 0.0061830 0.0718819 -0.6038547 -0.4882345 0.6259551
46.158044 0.0106686 -0.0039501 0.0065739 0.0707287 -0.6160061 -0.5149609 0.5919030
46.691276 0.0101055 -0.0046775 0.0072256 0.0712904 -0.6740617 -0.5422967 0.4964603
47.224512 0.0097510 -0.0051818 0.0075115 0.0758461 -0.7292081 -0.5456839 0.4058718
48.024359 0.0102970 -0.0050878 0.0072198 0.1206166 -0.7007337 -0.5331174 0.4584864
48.290981 0.0103730 -0.0050909 0.0071825 0.1132793 -0.6948706 -0.5355282 0.4664035
48.557597 0.0103805 -0.0052765 0.0073010 0.1133986 -0.6997077 -0.5259268 0.4700541
49.890676 0.0081909 -0.0069481 0.0091774 0.1170885 -0.7856261 -0.5344016 0.2889582
50.157295 0.0073658 -0.0069140 0.0092622 0.1067897 -0.7801940 -0.5455264 0.2868697
50.423911 0.0065546 -0.0071269 0.0096550 0.0982960 -0.7882074 -0.5506270 0.2566651
50.957148 0.0047252 -0.0082434 0.0108153 0.1124255 -0.8074560 -0.5537962 0.1693665
51.223761 0.0040776 -0.0081071 0.0108644 0.1020261 -0.8132400 -0.5517206 0.1543884
51.490378 0.0033258 -0.0081685 0.0106063 0.1044229 -0.8068603 -0.5583521 0.1622196
52.556848 -0.0001594 -0.0088156 0.0112015 -0.0786181 0.8268196 0.5566236 0.0189422
53.090080 -0.0012679 -0.0086168 0.0108340 -0.0951587 0.8242926 0.5566148 0.0408250
53.356698 -0.0016202 -0.0083782 0.0106260 -0.1060406 0.8274372 0.5512585 0.0147394
54.156546 -0.0041411 -0.0088041 0.0107716 -0.0968182 0.8241180 0.5467944 0.1116770
55.489637 -0.0063189 -0.0083917 0.0097243 -0.0699858 0.8128077 0.5185314 0.2560678
56.022868 -0.0073104 -0.0087335 0.0098509 -0.0606257 0.7902898 0.5099329 0.3342678
56.822716 -0.0073421 -0.0078455 0.0091411 -0.0769496 0.7492588 0.5035572 0.4232259
57.355950 -0.0081039 -0.0069827 0.0084052 -0.0794707 0.6942824 0.4722207 0.5372747
57.889184 -0.0094940 -0.0066159 0.0072128 -0.0537731 0.6630229 0.4137225 0.6215647
58.955654 -0.0089363 -0.0052337 0.0056531 -0.0474501 0.6328549 0.4048992 0.6582551
59.488888 -0.0098670 -0.0040011 0.0041793 -0.0413845 0.6023787 0.3998843 0.6895794
59.755503 -0.0098928 -0.0037176 0.0038055 -0.0366456 0.5821347 0.3982780 0.7079202
61.088590 -0.0092843 -0.0027898 0.0021698 -0.0339464 0.5220757 0.3182001 0.7905906
61.355209 -0.0095630 -0.0025963 0.0018546 -0.0206371 0.4994380 0.3022384 0.8116574
61.621821 -0.0094134 -0.0023394 0.0017986 -0.0251365 0.4755987 0.2947704 0.8284228
62.421676 -0.0074897 -0.0018147 0.0017345 -0.0493435 0.3942564 0.2429525 0.8849301
62.954904 -0.0064191 -0.0007682 0.0003760 -0.0082553 0.2966101 0.1548743 0.9423206
63.221525 -0.0057527 -0.0002538 -0.0005077 -0.0083122 0.2804455 0.1270014 0.9513947
63.488140 -0.0049617 -0.0000348 -0.0004767 -0.0119920 0.2668594 0.1313499 0.9546672
63.754757 -0.0040222 -0.0001218 -0.0003013 -0.0290990 0.2687001 0.1238817 0.9547811
64.021371 -0.0031878 -0.0002381 -0.0003424 -0.0358623 0.2999335 0.1278257 0.9446769
64.287994 -0.0026828 -0.0001588 -0.0002008 -0.0399413 0.2819440 0.1276615 0.9500604
65.354457 0.0008516 0.0005885 -0.0007278 -0.0051202 0.1530685 0.0677167 0.9858795
65.621072 0.0015288 0.0004324 -0.0003967 -0.0086876 0.1341623 0.0543850 0.9894277
66.420923 0.0041892 0.0008397 -0.0005099 -0.0117698 0.0330561 -0.0082409 0.9993502
67.220777 0.0065060 0.0011801 -0.0009300 0.0065526 -0.0322607 -0.0428352 0.9985397
67.487391 0.0071362 0.0008898 -0.0004207 -0.0066972 -0.0563840 -0.0682440 0.9960516
68.020631 0.0080359 0.0007088 0.0002528 -0.0098562 -0.1647711 -0.1363061 0.9768183
69.087092 0.0115376 0.0011252 -0.0002473 0.0173008 -0.2678304 -0.2225405 0.9372531
70.686801 0.0117878 0.0009862 -0.0003132 0.0467037 -0.3803799 -0.3008333 0.8732865
70.953412 0.0115178 0.0009292 -0.0005002 0.0581709 -0.3866693 -0.2989613 0.8704740
71.220032 0.0110732 0.0007870 -0.0005817 0.0802997 -0.4065608 -0.2887144 0.8630784
71.486644 0.0106490 0.0006943 -0.0006627 0.1001043 -0.4036989 -0.3019550 0.8578051
72.553117 0.0103299 0.0007074 -0.0004078 0.0562319 -0.3758622 -0.3106580 0.8712389
72.819731 0.0103076 0.0007142 -0.0004055 0.0541894 -0.3762831 -0.3146470 0.8697539
73.086346 0.0103377 0.0006284 -0.0005104 0.0562026 -0.3796480 -0.3167510 0.8673970
