7.198652 0.0000000 0.0000000 0.0000000 -0.0000000 -0.0000000 -0.0000000 1.0000000
9.198280 0.0016587 -0.0000201 0.0003251 0.0388963 -0.1533757 -0.1245223 0.9795188
11.864453 0.0027002 -0.0004881 0.0010037 0.0622929 -0.2860251 -0.2266399 0.9289476
13.997391 0.0033357 -0.0008438 0.0014417 0.0981119 -0.4905556 -0.3733951 0.7812204
14.797235 0.0030318 -0.0009184 0.0015080 0.0889555 -0.4689651 -0.3843298 0.7902210
15.063850 0.0029875 -0.0009260 0.0014884 0.0869541 -0.4635245 -0.3857787 0.7929432
15.330468 0.0029664 -0.0009368 0.0014916 0.0833656 -0.4621389 -0.3857098 0.7941699
16.663552 0.0031946 -0.0017335 0.0023696 0.0905888 -0.5881271 -0.4680069 0.6533528
18.529870 0.0029431 -0.0028081 0.0034252 0.1206488 -0.6445491 -0.5176973 0.5495360
21.462653 0.0020639 -0.0044788 0.0051052 0.1349447 -0.7100731 -0.6055814 0.3329524
23.328973 0.0011869 -0.0051946 0.0056470 0.1235488 -0.7590911 -0.6257305 0.1302986
25.461912 0.0006765 -0.0050737 0.0054907 0.0923808 -0.7496714 -0.6550630 0.0187369
27.861462 -0.0010443 -0.0050821 0.0053532 -0.0974643 0.7374492 0.6521804 0.1460484
28.394696 -0.0010664 -0.0049811 0.0052963 -0.0996885 0.7334179 0.6594340 0.1315573
30.794249 -0.0020053 -0.0048372 0.0049090 -0.0919444 0.7030907 0.6106032 0.3526661
32.927183 -0.0024053 -0.0040315 0.0039463 -0.0392231 0.6209872 0.5211673 0.5841413
33.993654 -0.0024205 -0.0032536 0.0030625 -0.0050340 0.5347161 0.4424929 0.7198982
35.859976 -0.0015134 -0.0022096 0.0022698 0.0101466 0.3660197 0.3282093 0.8707498
37.459669 -0.0011887 -0.0011153 0.0011134 0.0194031 0.3347967 0.2864870 0.8974742
40.392451 -0.0003081 0.0002571 -0.0001313 0.0503816 0.0509677 0.0402044 0.9966181
42.792004 -0.0005019 0.0001686 -0.0001330 0.0576115 0.0743954 0.0259879 0.9952241
45.724789 0.0022556 -0.0001275 0.0007053 0.0872413 -0.2304628 -0.2094081 0.9462685
47.057878 0.0026381 -0.0007233 0.0012994 0.1064925 -0.4011532 -0.3356616 0.8456162
49.457426 0.0034225 -0.0011106 0.0016312 0.1680594 -0.4585448 -0.3606727 0.7946119
51.323744 0.0032540 -0.0024759 0.0031331 0.1564602 -0.5714756 -0.4489108 0.6688910
51.590366 0.0031028 -0.0026976 0.0032331 0.1538515 -0.5643119 -0.4399156 0.6814369
51.856980 0.0029465 -0.0027445 0.0033884 0.1409667 -0.5846951 -0.4454156 0.6632231
52.923450 0.0028001 -0.0036683 0.0042799 0.1479469 -0.6771803 -0.5231850 0.4957983
54.256529 0.0022749 -0.0045446 0.0050794 0.1630242 -0.6992214 -0.5414560 0.4374219
54.523149 0.0022312 -0.0047281 0.0052492 0.1560034 -0.7107631 -0.5487322 0.4115480
56.389469 0.0015119 -0.0051457 0.0056020 0.1199359 -0.7795396 -0.5911004 0.1689193
56.922699 0.0011564 -0.0050368 0.0054448 0.1277383 -0.7685538 -0.6139808 0.1266321
58.255781 0.0000278 -0.0053322 0.0055208 -0.1075133 0.7841282 0.5989325 0.1219174
58.522398 -0.0001171 -0.0052157 0.0053891 -0.1125195 0.7849510 0.5979771 0.1166823
59.322252 -0.0009950 -0.0051756 0.0052720 -0.0965656 0.7734929 0.6016431 0.1743829
61.455184 -0.0020641 -0.0049812 0.0048636 -0.0798251 0.7361848 0.5558916 0.3776829
61.988421 -0.0019916 -0.0046111 0.0045692 -0.0859247 0.7063890 0.5588663 0.4257933
63.054888 -0.0024354 -0.0039023 0.0038185 -0.0565761 0.6235703 0.4694075 0.6225880
63.854736 -0.0022224 -0.0032744 0.0032074 -0.0834472 0.6132658 0.4678496 0.6309187
64.121352 -0.0021330 -0.0031485 0.0030357 -0.0866362 0.6241926 0.4757347 0.6136402
64.387972 -0.0020688 -0.0029987 0.0029627 -0.0807363 0.6008561 0.4772394 0.6361573
65.187822 -0.0020248 -0.0022292 0.0021477 -0.0415014 0.5527142 0.4380253 0.7077559
65.454440 -0.0018197 -0.0020805 0.0020714 -0.0306536 0.5181473 0.4178608 0.7456380
65.721058 -0.0016434 -0.0019320 0.0019276 -0.0373451 0.5161223 0.4120211 0.7499745
66.520908 -0.0014834 -0.0011991 0.0012180 -0.0244103 0.4198324 0.3471517 0.8382307
66.787523 -0.0015374 -0.0009740 0.0009372 -0.0206434 0.4046362 0.3311024 0.8521823
67.587374 -0.0009334 -0.0005957 0.0006765 -0.0150533 0.3562714 0.3080299 0.8820214
68.653843 -0.0004026 0.0003951 -0.0002812 0.0024400 0.1846952 0.1864627 0.9649422
69.187076 -0.0004074 0.0004374 -0.0004021 0.0257605 0.1632619 0.1570985 0.9736540
70.253542 -0.0004083 0.0003343 -0.0002897 0.0380151 0.0761465 0.0797587 0.9931743
71.320009 -0.0004946 0.0001718 -0.0003479 0.1038957 0.0433531 0.0328164 0.9931008
72.119865 -0.0005239 0.0000485 -0.0002036 0.0710486 0.0590116 0.0348440 0.9951159
72.386479 -0.0005012 0.0000504 -0.0001667 0.0607030 0.0624996 0.0392166 0.9954250
72.653123 -0.0004983 0.0000538 -0.0001610 0.0607180 0.0651168 0.0400661 0.9952225
72.919710 -0.0005070 0.0000432 -0.0001573 0.0589878 0.0606143 0.0339890 0.9958369
