7.198652 0.0953262 -0.4135287 0.0551008 -0.9029214 -0.1374062 -0.0015551 0.4072471
7.331963 0.1188206 -0.4186558 0.0546758 -0.8953294 -0.1637882 0.0051954 0.4141639
9.731514 0.3266473 -0.3074339 0.0494730 -0.8624029 -0.2708357 0.0592822 0.4235505
11.864453 0.4450648 -0.1671270 0.0531742 -0.7844294 -0.4458494 0.1708966 0.3958325
14.797235 0.4774285 -0.0673621 0.0602497 -0.6300858 -0.6427736 0.2752419 0.3377514
15.063850 0.4688255 -0.0711500 0.0597428 -0.6329075 -0.6419969 0.2697861 0.3383542
15.330468 0.4641572 -0.0708188 0.0599054 -0.6352193 -0.6417483 0.2674553 0.3363379
17.929981 0.3800357 0.2395257 0.0727798 -0.4091774 -0.7923207 0.3721941 0.2574358
18.929794 0.3195200 0.3406575 0.0667885 -0.3881680 -0.8067124 0.3699561 0.2483411
21.729275 0.1370496 0.6613206 0.0696996 -0.1594965 -0.8851146 0.4134010 0.1422419
24.162152 -0.0160068 0.6912106 0.0700580 0.0313389 -0.8958257 0.4418080 0.0363300
24.962002 -0.0128037 0.6888043 0.0733587 0.0507786 -0.8974108 0.4351130 0.0524594
27.761480 -0.3237241 0.6225299 0.0519489 0.2526591 -0.8710224 0.4139685 -0.0781888
29.394507 -0.4748658 0.5700350 0.0511853 0.3645393 -0.8354449 0.3847507 -0.1452930
29.661122 -0.4788773 0.5529169 0.0463217 0.3816381 -0.8258251 0.3822742 -0.1619623
30.194360 -0.4595510 0.5331916 0.0508474 0.4045672 -0.8140401 0.3812025 -0.1683710
31.960693 -0.5243843 0.4133709 0.0625843 0.5663555 -0.6861098 0.3737589 -0.2622960
33.660376 -0.4411610 0.1843124 0.0590156 -0.6870305 0.5525116 -0.3236479 0.3434707
35.493368 -0.2752830 0.0006766 0.0452209 -0.8084821 0.3682509 -0.2097262 0.4083661
38.259518 -0.0676857 -0.2803627 0.0258782 -0.8584579 0.2844029 -0.1751636 0.3892079
41.258955 0.0520118 -0.4699356 0.0478010 -0.8682693 -0.1070017 -0.0166411 0.4841304
41.792192 0.0447014 -0.4618958 0.0497175 -0.8701622 -0.1130684 -0.0239409 0.4790199
44.391707 0.2172088 -0.4073375 0.0306689 -0.8463809 -0.2737110 0.0601117 0.4528888
44.791631 0.2520710 -0.3524411 0.0362741 -0.8474396 -0.2796667 0.0635450 0.4467603
47.591110 0.4199214 -0.1382723 0.0576518 -0.6748963 -0.5672811 0.2279391 0.4132201
47.924380 0.4275486 -0.1515646 0.0638945 -0.6804335 -0.5532875 0.2050597 0.4345501
48.457612 0.4361007 -0.1518203 0.0647408 -0.6919302 -0.5417047 0.1996160 0.4335230
49.157487 0.5161191 -0.0536776 0.0698224 -0.6237991 -0.6040226 0.2591835 0.4229130
49.490756 0.5236890 -0.0151666 0.0791679 -0.6038523 -0.6212090 0.2873099 0.4085521
49.824029 0.4801592 0.0108001 0.0732647 -0.5706385 -0.6549661 0.2990088 0.3949493
50.157295 0.4544974 0.0538254 0.0719146 -0.5733212 -0.6568465 0.3018651 0.3856593
50.823836 0.4646408 0.2035501 0.0756113 -0.4901212 -0.7167189 0.3386847 0.3624750
51.157107 0.4465147 0.2541265 0.0710568 -0.4848419 -0.7241867 0.3534777 0.3399051
51.856980 0.3681695 0.3177779 0.0724463 -0.4875306 -0.7293401 0.3593672 0.3181700
53.156734 0.2684151 0.4946531 0.0773113 -0.3306521 -0.8081725 0.4028980 0.2742256
53.456679 0.2444599 0.5069571 0.0740380 -0.3491660 -0.7986823 0.3990800 0.2844727
55.422979 0.0766350 0.6789976 0.0911449 -0.1622978 -0.8529961 0.4677232 0.1652037
55.722923 0.0663922 0.7017076 0.0915877 -0.1162550 -0.8597977 0.4774818 0.1387217
56.022868 0.0541513 0.7295299 0.0912498 -0.0868897 -0.8653504 0.4797759 0.1159055
56.722736 0.0161522 0.7042694 0.0796031 -0.0008033 -0.8805698 0.4681281 0.0738408
57.089333 -0.0141163 0.6937243 0.0726324 0.0434211 -0.8879714 0.4552404 0.0487613
58.322442 -0.1779799 0.6796697 0.0783206 0.2331054 -0.8466867 0.4753913 -0.0527903
60.788644 -0.4060083 0.5189756 0.0769824 0.3683110 -0.8008785 0.4539298 -0.1299551
61.155250 -0.4326507 0.5201551 0.0801103 0.4088682 -0.7762485 0.4537584 -0.1561044
61.455184 -0.4569549 0.5188847 0.0738464 0.4401285 -0.7554823 0.4510361 -0.1791645
61.788458 -0.4420308 0.4849962 0.0621171 0.4767172 -0.7452346 0.4297941 -0.1806741
62.788270 -0.4310847 0.3484145 0.0497095 0.5907442 -0.6549905 0.3859952 -0.2702155
63.121539 -0.4652747 0.2746592 0.0564940 -0.6471900 0.5925203 -0.3834219 0.2881884
63.488140 -0.4507979 0.2157987 0.0498394 -0.6551942 0.5905834 -0.3684193 0.2935970
63.821408 -0.4029950 0.1719244 0.0511264 -0.6641700 0.5904350 -0.3721756 0.2678619
64.121352 -0.3786839 0.1410256 0.0590451 -0.6491830 0.6052099 -0.3834182 0.2554860
64.454624 -0.3565145 0.1107662 0.0473475 -0.6699667 0.5939564 -0.3507309 0.2744965
65.121165 -0.3213558 -0.0316138 0.0490943 -0.7096836 0.5296869 -0.3359355 0.3208245
65.454440 -0.2799267 -0.0540873 0.0436161 -0.7394893 0.4906175 -0.3049805 0.3455964
65.821037 -0.2351930 -0.0851318 0.0412160 -0.7516378 0.4848664 -0.2961176 0.3350516
66.187636 -0.2028640 -0.1352157 0.0355026 -0.7841911 0.4347305 -0.2712233 0.3499881
66.520908 -0.1845114 -0.2204741 0.0381922 -0.8122857 0.3728691 -0.2430440 0.3769486
66.854179 -0.1759533 -0.2845248 0.0447172 -0.8204163 0.3464052 -0.2359649 0.3888974
67.187448 -0.1364251 -0.3136650 0.0430440 -0.8185857 0.3470983 -0.2125871 0.4052741
67.520719 -0.0820577 -0.3199232 0.0360471 -0.8400587 0.3101470 -0.1988497 0.3982072
67.853992 -0.0451595 -0.3265004 0.0347730 -0.8629121 0.2662912 -0.1631703 0.3972997
68.153939 -0.0118786 -0.3699781 0.0272934 -0.8808545 0.1677378 -0.1116601 0.4283589
68.487210 0.0456702 -0.4662799 0.0259312 -0.8966008 0.1368809 -0.0820984 0.4130744
68.787155 0.0586599 -0.5109293 0.0315378 -0.8901634 0.1049072 -0.1012841 0.4316771
69.087092 0.0585632 -0.5168529 0.0352539 -0.8896931 0.0762305 -0.0858600 0.4418860
69.620340 0.0447613 -0.4984725 0.0376521 -0.8949301 0.0584007 -0.0820916 0.4346845
69.953607 0.0398866 -0.4857970 0.0332170 -0.8992959 0.0290158 -0.0626637 0.4318545
70.253542 0.0515387 -0.4939350 0.0368438 -0.8918319 -0.0323286 -0.0330108 0.4500012
70.620140 0.0685107 -0.5206585 0.0393453 -0.8849257 -0.0670894 -0.0224693 0.4603267
71.086719 0.0452951 -0.5084758 0.0555741 -0.8688043 -0.0811900 -0.0047190 0.4884311
71.486644 0.0267668 -0.4779103 0.0685779 -0.8544825 -0.0912053 -0.0235299 0.5108694
71.853246 0.0209887 -0.4638371 0.0630618 -0.8647338 -0.0871625 -0.0287097 0.4937753
72.386479 0.0227357 -0.4555936 0.0573002 -0.8794885 -0.0739068 -0.0342467 0.4688976
72.919710 0.0222985 -0.4534195 0.0576435 -0.8800960 -0.0795985 -0.0345958 0.4667959
