7.198652 0.0071927 -0.0375626 0.0116957 -0.9007492 -0.1463312 -0.0016654 0.4089441
7.331963 0.0202798 -0.0402934 0.0115832 -0.8930102 -0.1723518 0.0051548 0.4156935
9.731514 0.1316388 0.0212165 0.0098257 -0.8591849 -0.2796224 0.0594850 0.4243515
11.864453 0.1923540 0.0960047 0.0138635 -0.7805870 -0.4540305 0.1697925 0.3946021
14.663927 0.2109349 0.1528519 0.0175187 -0.6254869 -0.6467610 0.2775040 0.3368350
14.830562 0.2069216 0.1500153 0.0160142 -0.6245098 -0.6507555 0.2714354 0.3358983
15.063850 0.2035946 0.1485097 0.0169715 -0.6274831 -0.6492305 0.2682181 0.3358926
18.029963 0.1523244 0.3236511 0.0216912 -0.3879845 -0.8044504 0.3724026 0.2522777
19.096431 0.1125877 0.3665457 0.0189368 -0.3758527 -0.8137770 0.3723654 0.2405113
21.995888 0.0146548 0.5315097 0.0214053 -0.1514536 -0.8879282 0.4109208 0.1406751
24.095496 -0.0547336 0.5491092 0.0244531 0.0320729 -0.8955541 0.4425256 0.0335456
24.328787 -0.0547183 0.5475593 0.0249384 0.0413788 -0.8983127 0.4362344 0.0319638
24.695386 -0.0532607 0.5470961 0.0263589 0.0528404 -0.8969818 0.4369962 0.0408171
26.128483 -0.1359665 0.5458400 0.0241353 0.2015844 -0.8780344 0.4282751 -0.0707099
28.894601 -0.2513306 0.4848302 0.0086584 0.2854062 -0.8652680 0.3978043 -0.1077333
29.161215 -0.2826541 0.4817797 0.0114380 0.3534299 -0.8372826 0.3916700 -0.1436658
31.960693 -0.3290846 0.3938977 0.0194083 0.5708594 -0.6804938 0.3719634 -0.2696128
33.893667 -0.2755544 0.2557235 0.0147745 -0.7068284 0.5226893 -0.3094812 0.3625065
35.560056 -0.1871676 0.1744812 0.0062833 -0.8145910 0.3485014 -0.2061809 0.4153045
37.692957 -0.1057185 0.0543266 0.0026413 -0.8498321 0.2683848 -0.1877165 0.4129376
40.259166 -0.0146220 -0.0557707 -0.0007087 -0.8875377 -0.0647608 -0.0350838 0.4548098
42.425405 -0.0237501 -0.0634974 0.0073193 -0.8745425 -0.1090376 -0.0396753 0.4708631
45.224885 0.1322192 0.0276251 0.0028860 -0.8165748 -0.3596826 0.1009162 0.4400569
45.824773 0.1672779 0.0602414 0.0033198 -0.7841533 -0.4282782 0.1388379 0.4270894
48.790884 0.2039289 0.1246128 0.0197552 -0.6654098 -0.5660138 0.2276509 0.4301549
49.424100 0.2331567 0.1742691 0.0263859 -0.5995700 -0.6249685 0.2808614 0.4135785
49.724043 0.2171294 0.1858804 0.0243584 -0.5711632 -0.6530421 0.3046130 0.3930899
51.257093 0.1821035 0.3261822 0.0215531 -0.4729608 -0.7325517 0.3553973 0.3367030
52.356885 0.1286019 0.4091649 0.0253135 -0.3946821 -0.7800947 0.4035555 0.2698541
52.923450 0.1076545 0.4425705 0.0243276 -0.3193916 -0.8177562 0.4138372 0.2408376
53.223396 0.0906020 0.4464757 0.0268803 -0.3284207 -0.8072956 0.4027517 0.2796513
54.056566 0.0556301 0.4993421 0.0287040 -0.2808876 -0.8271466 0.4247195 0.2377901
54.323183 0.0447863 0.5303110 0.0293145 -0.2550377 -0.8372902 0.4295131 0.2223045
55.722923 -0.0151061 0.5516782 0.0340887 -0.1109148 -0.8619471 0.4767940 0.1319565
56.722736 -0.0421154 0.5545176 0.0279743 0.0045895 -0.8812195 0.4679826 0.0665094
57.889184 -0.1364597 0.5630832 0.0318207 0.2109406 -0.8498957 0.4811948 -0.0404114
58.755689 -0.1601326 0.5202885 0.0288471 0.2323962 -0.8474367 0.4737006 -0.0587443
59.022310 -0.1805220 0.5120403 0.0264779 0.2566504 -0.8408683 0.4706533 -0.0745431
59.588871 -0.2409757 0.5014251 0.0212534 0.2835051 -0.8377858 0.4546516 -0.1050330
61.288550 -0.2864138 0.4511138 0.0278575 0.4210560 -0.7650636 0.4541997 -0.1763299
61.888440 -0.2804857 0.4243557 0.0184954 0.4841323 -0.7416424 0.4208165 -0.1962040
63.088213 -0.2930209 0.3238136 0.0140769 -0.6493353 0.5885683 -0.3818012 0.2935625
63.388159 -0.2920430 0.2956173 0.0125163 -0.6517970 0.5899082 -0.3688090 0.3019088
63.688099 -0.2705068 0.2763635 0.0092112 -0.6651617 0.5841795 -0.3643397 0.2890519
64.021371 -0.2508520 0.2542860 0.0154185 -0.6545008 0.5957915 -0.3837683 0.2634066
64.521281 -0.2338430 0.2287494 0.0084484 -0.6768914 0.5852678 -0.3422472 0.2866120
64.854552 -0.2209958 0.1881447 0.0085236 -0.7017453 0.5445416 -0.3371496 0.3120227
65.187822 -0.2116436 0.1550398 0.0088013 -0.7147988 0.5207906 -0.3275262 0.3325153
65.521092 -0.1872578 0.1450968 0.0058015 -0.7471734 0.4781903 -0.3011875 0.3497885
65.854367 -0.1653888 0.1302454 0.0040054 -0.7566767 0.4748175 -0.2924388 0.3412744
66.220962 -0.1486574 0.1027639 0.0015664 -0.7879406 0.4200820 -0.2700622 0.3602042
66.554234 -0.1404673 0.0572918 0.0022937 -0.8170084 0.3563238 -0.2429992 0.3827296
66.887503 -0.1352701 0.0255442 0.0063486 -0.8218815 0.3357236 -0.2354280 0.3954417
67.187448 -0.1153310 0.0131295 0.0053317 -0.8195926 0.3387295 -0.2122959 0.4104397
67.520719 -0.0863101 0.0096450 0.0026050 -0.8411643 0.3014315 -0.1984063 0.4027613
67.853992 -0.0670409 0.0070047 0.0015669 -0.8631459 0.2580555 -0.1634073 0.4021001
68.153939 -0.0481295 -0.0148938 -0.0034906 -0.8805137 0.1585031 -0.1110785 0.4327053
68.487210 -0.0173321 -0.0655653 -0.0032713 -0.8964618 0.1276549 -0.0823778 0.4162624
68.820475 -0.0100891 -0.0904394 0.0007742 -0.8891965 0.0936784 -0.1001848 0.4364826
69.153746 -0.0102501 -0.0911503 0.0034185 -0.8905913 0.0671332 -0.0848154 0.4417541
69.487020 -0.0134958 -0.0869715 0.0021314 -0.8930964 0.0581924 -0.0814807 0.4385810
69.820294 -0.0191100 -0.0787450 0.0005211 -0.8937010 0.0394906 -0.0723619 0.4410248
70.153560 -0.0165583 -0.0774067 0.0013419 -0.8926514 -0.0237316 -0.0458441 0.4477818
70.520158 -0.0067796 -0.0920617 0.0024227 -0.8870246 -0.0746395 -0.0188845 0.4552580
70.953412 -0.0134569 -0.0922639 0.0101148 -0.8738412 -0.0771088 -0.0229720 0.4795082
71.353339 -0.0237604 -0.0766692 0.0155341 -0.8564034 -0.0961370 -0.0161084 0.5070223
71.886570 -0.0311750 -0.0657490 0.0176366 -0.8640304 -0.0956397 -0.0301387 0.4933520
72.219852 -0.0297050 -0.0619458 0.0137918 -0.8772209 -0.0854222 -0.0304685 0.4714426
72.753076 -0.0286554 -0.0612158 0.0133738 -0.8781725 -0.0823710 -0.0341701 0.4699579
