16.696881 0.0000000 0.0000000 0.0000000 -0.0000000 -0.0000000 -0.0000000 1.0000000
16.963495 0.0905348 -0.0338004 0.0447128 0.0010494 0.0083404 0.0010714 0.9999641
17.230115 4.2484469 -0.5059953 0.1005447 -0.0279866 0.0566849 -0.7349525 -0.6751655
17.496730 3.0117097 4.3825660 1.0476973 -0.0324562 0.0908511 -0.9296173 0.3556746
17.763345 -0.1882193 0.3775076 1.2587852 -0.0011684 0.0249255 -0.1001109 0.9946634
18.029963 4.9353118 0.1416135 1.3943803 0.0314066 -0.0684609 0.8396888 0.5378192
18.296582 2.0914826 4.3024192 2.3561106 0.0293806 -0.0864231 0.8543929 -0.5115474
18.563196 0.4298932 -0.5515465 2.4076958 -0.0050144 -0.0091719 -0.0721983 -0.9973356
18.829813 5.3251576 0.9531240 2.7190275 -0.0338849 0.0781841 -0.9192477 -0.3843473
19.096431 1.2153525 3.8862100 3.6306150 -0.0254240 0.0794037 -0.7535512 0.6520808
19.363048 1.2924324 -1.2435508 3.5663111 0.0110468 -0.0068566 0.2423408 0.9701041
19.629665 5.3792982 1.8178654 4.0660682 0.0353473 -0.0855630 0.9712435 0.2193528
19.896281 0.4952979 3.1694183 4.8687496 0.0207052 -0.0700036 0.6301155 -0.7730623
20.162906 2.3044636 -1.6301904 4.7459645 -0.0167480 0.0226796 -0.4052183 -0.9137852
20.429513 5.0990138 2.6188841 5.4244180 -0.0357497 0.0903764 -0.9941184 -0.0477795
20.696131 0.0247484 2.2233148 6.0723910 -0.0153655 0.0585043 -0.4877851 0.8708656
20.962749 3.3532124 -1.6795123 5.9554849 0.0219471 -0.0378227 0.5559472 0.8300666
21.229365 4.5253630 3.2467351 6.7816210 0.0350803 -0.0924800 0.9871854 -0.1252267
21.495981 -0.1325420 1.1464694 7.2475123 0.0095652 -0.0452510 0.3308307 -0.9425560
21.762605 4.3215761 -1.3996916 7.2001619 -0.0264880 0.0518315 -0.6900036 -0.7214617
22.029216 3.7344165 3.6126449 8.1253929 -0.0333591 0.0918107 -0.9506537 0.2944750
22.295832 0.0498617 0.0530132 8.4035063 -0.0034781 0.0306410 -0.1639577 0.9859853
22.562451 5.1020088 -0.8380938 8.4811144 0.0302347 -0.0642863 0.8033723 0.5912242
22.829067 2.8279915 3.6590018 9.4450722 0.0306376 -0.0883887 0.8856179 -0.4548954
23.095682 0.5579572 -0.9409631 9.5520725 -0.0027133 -0.0151122 -0.0078316 -0.9998515
23.362307 5.6093254 -0.0756330 9.7951097 -0.0330749 0.0748136 -0.8926533 -0.4432597
23.628917 1.9217019 3.3662336 10.7327652 -0.0269975 0.0823163 -0.7940273 0.6016776
23.895538 1.3389980 -1.7312055 10.7055893 0.0088235 -0.0008701 0.1793905 0.9837380
24.162152 5.7908635 0.7829251 11.1349001 0.0349235 -0.0830978 0.9551710 0.2819991
24.428767 1.1311347 2.7551110 11.9844217 0.0225478 -0.0737754 0.6786250 -0.7304224
24.695386 2.3077302 -2.2376900 11.8761292 -0.0146691 0.0168264 -0.3455715 -0.9381269
24.962002 5.6327019 1.6212535 12.4903755 -0.0357248 0.0888903 -0.9890472 -0.1122847
25.228618 0.5581714 1.8843412 13.2003670 -0.0174221 0.0630226 -0.5428768 0.8372630
25.495236 3.3565364 -2.4141684 13.0735779 0.0200748 -0.0322779 0.5013878 0.8643873
25.761854 5.1614141 2.3255308 13.8493681 0.0354550 -0.0920175 0.9932672 -0.0607946
26.028471 0.2787044 0.8435287 14.3850555 0.0117740 -0.0503803 0.3908516 -0.9189985
26.295088 4.3683052 -2.2536948 14.3045807 -0.0248786 0.0467616 -0.6421704 -0.7647298
26.561702 4.4408073 2.7978694 15.1993113 -0.0341221 0.0923856 -0.9677048 0.2320519
26.828319 0.3337234 -0.2575004 15.5466766 -0.0057729 0.0362271 -0.2271056 0.9731790
27.094939 5.2303181 -1.7894230 15.5718641 0.0289364 -0.0598433 0.7636991 0.6421410
27.361552 3.5643678 2.9679928 16.5287724 0.0317661 -0.0899835 0.9131258 -0.3963526
27.628170 0.7243971 -1.3017308 16.6962070 -0.0004014 -0.0209877 0.0565496 -0.9981791
27.894787 5.8476686 -1.0906777 16.8737679 -0.0321266 0.0711305 -0.8623279 -0.5002989
28.161403 2.6441755 2.8015907 17.8286743 -0.0284576 0.0848833 -0.8311676 0.5487672
28.428024 1.4119329 -2.1788895 17.8460140 0.0065635 0.0051192 0.1157001 0.9932493
28.694641 6.1545925 -0.2547026 18.2046013 0.0343535 -0.0802848 0.9350994 0.3434578
28.961256 1.7974832 2.3044274 19.0935612 0.0242959 -0.0772382 0.7242900 -0.6847248
29.227873 2.3221843 -2.7986362 19.0084381 -0.0125288 0.0109025 -0.2844770 -0.9585390
29.494488 6.1222782 0.6049423 19.5550251 -0.0355503 0.0870319 -0.9798329 -0.1763211
29.761104 1.1327538 1.5216535 20.3219700 -0.0194058 0.0672773 -0.5956968 0.8001516
30.027719 3.3545153 -3.1012616 20.1942558 0.0181184 -0.0265975 0.4447254 0.8950886
30.294339 5.7622857 1.3718925 20.9135799 0.0356813 -0.0911695 0.9951884 0.0038962
30.560954 0.7368384 0.5323576 21.5169449 0.0139337 -0.0552990 0.4492405 -0.8915890
30.827572 4.3937850 -3.0647917 21.4115391 -0.0231648 0.0414951 -0.5916414 -0.8047994
31.094192 5.1251602 1.9408050 22.2676716 -0.0347424 0.0925735 -0.9807042 0.1686482
31.360806 0.6646073 -0.5597374 22.6853943 -0.0080438 0.0416625 -0.2893125 0.9562938
31.627424 5.3240342 -2.7075901 22.6646194 0.0275167 -0.0551487 0.7208185 0.6903783
31.894040 4.2945209 2.2299242 23.6053410 0.0327617 -0.0912018 0.9368147 -0.3361355
32.160657 0.9323513 -1.6386609 23.8373432 0.0019128 -0.0267768 0.1207114 -0.9923247
32.427273 6.0421605 -2.0862484 23.9534054 -0.0310435 0.0671485 -0.8283813 -0.5552585
32.693890 3.3768983 2.1907420 24.9165783 -0.0297988 0.0870956 -0.8648363 0.4935429
32.960506 1.5159330 -2.5900679 24.9850712 0.0042757 0.0110883 0.0515095 0.9986018
33.227125 6.4704561 -1.2887874 25.2738972 0.0336395 -0.0771351 0.9111069 0.4034883
33.493740 2.4892561 1.8138835 26.1945305 0.0259423 -0.0803778 0.7669259 -0.6361535
33.760360 2.3536012 -3.3147445 26.1410789 -0.0103359 0.0049328 -0.2221873 -0.9749367
34.026976 6.5656309 -0.4241619 26.6180305 -0.0352269 0.0848089 -0.9665138 -0.2396198
34.293593 1.7449776 1.1301556 27.4363232 -0.0213080 0.0712499 -0.6460198 0.7596893
34.560210 3.3533623 -3.7404819 27.3170605 0.0160862 -0.0208060 0.3862033 0.9220387
34.826825 6.3240757 0.3906283 27.9751339 0.0357580 -0.0899397 0.9929407 0.0685646
35.093443 1.2403764 0.2068667 28.6433163 0.0160347 -0.0599855 0.5057406 -0.8604482
35.360059 4.4039278 -3.8306389 28.5220375 -0.0213543 0.0360556 -0.5386410 -0.8414926
35.626707 5.7822356 1.0445776 29.3324356 -0.0352170 0.0923738 -0.9895943 0.1045469
35.893297 1.0432348 -0.8600669 29.8206978 -0.0102806 0.0469225 -0.3502979 0.9354057
36.159911 5.3879309 -3.5884974 29.7615700 0.0259821 -0.0502240 0.6749269 0.7357147
36.426575 5.0123353 1.4457723 30.6776848 0.0336200 -0.0920381 0.9565748 -0.2745240
36.693143 1.1847425 -1.9577188 30.9776535 0.0042182 -0.0324524 0.1843500 -0.9823158
36.959758 6.1959572 -3.0569558 31.0375328 -0.0298308 0.0628866 -0.7909758 -0.6078756
37.226380 4.1137381 1.5323944 32.0000191 -0.0310148 0.0889425 -0.8948722 0.4362696
37.492993 1.6557732 -2.9694648 32.1257133 0.0019707 0.0170093 -0.0128755 0.9997705
37.759610 6.7395363 -2.3133531 32.3471909 0.0327850 -0.0736633 0.8833062 0.4618106
38.026231 3.2011549 1.2800860 33.2912560 0.0274797 -0.0831801 0.8063381 -0.5849316
38.292845 2.4079602 -3.7889166 33.2774734 -0.0081003 -0.0010563 -0.1589828 -0.9872476
38.559461 6.9616795 -1.4602547 33.6838188 -0.0347562 0.0822312 -0.9491504 -0.3018999
38.826085 2.3909030 0.7048508 34.5466537 -0.0231207 0.0749235 -0.6936261 0.7160550
39.092695 3.3594763 -4.3325648 34.4447060 0.0139872 -0.0149285 0.3260756 0.9451224
39.359309 6.8436565 -0.6132402 35.0374413 0.0356852 -0.0883336 0.9865353 0.1329360
39.625927 1.7871723 -0.1389198 35.7663727 0.0180683 -0.0644204 0.5601164 -0.8257077
39.892545 4.4047866 -4.5498133 35.6383171 -0.0194546 0.0304656 -0.4833900 -0.8746585
40.159164 6.4072475 0.1127458 36.3966026 -0.0355442 0.0917872 -0.9943393 0.0400129
40.425780 1.4695411 -1.1648272 36.9543381 -0.0124743 0.0519858 -0.4098136 0.9106013
40.692396 5.4271560 -4.4288125 36.8650093 0.0243386 -0.0450889 0.6262079 0.7779707
40.959013 5.7121501 0.6172712 37.7482643 0.0343375 -0.0924887 0.9723298 -0.2117585
41.225632 1.4835329 -2.2647877 38.1182899 0.0065064 -0.0379927 0.2472253 -0.9681911
41.492246 6.3126211 -3.9980431 38.1280632 -0.0284929 0.0583603 -0.7502503 -0.6579565
41.758864 4.8487849 0.8262409 39.0808716 -0.0321012 0.0904172 -0.9211666 0.3771558
42.025483 1.8351730 -3.3219247 39.2687569 -0.0003433 0.0228605 -0.0772248 0.9967516
42.292096 6.9634895 -3.3228278 39.4262276 0.0317929 -0.0698819 0.8517962 0.5182172
42.558718 3.9276602 0.7007303 40.3848953 0.0289025 -0.0856349 0.8423864 -0.5312406
42.825331 2.4902959 -4.2244425 40.4180756 -0.0058299 -0.0070433 -0.0950866 -0.9954270
43.091972 7.3099995 -2.4976149 40.7542076 -0.0341395 0.0793080 -0.9278021 -0.3629437
43.358566 3.0661120 0.2416383 41.6544456 -0.0248374 0.0782850 -0.7383500 0.6693982
43.625182 3.3786893 -4.8790107 41.5787430 0.0118284 -0.0089853 0.2645490 0.9642578
43.891801 7.3186536 -1.6346273 42.1032181 0.0354627 -0.0863565 0.9759920 0.1967860
44.158413 2.3743982 -0.5104356 42.8874741 0.0200274 -0.0685879 0.6121758 -0.7874868
44.425031 4.4022708 -5.2217259 42.7615280 -0.0174722 0.0247446 -0.4260798 -0.9041783
44.691649 6.9961133 -0.8506699 43.4618034 -0.0357226 0.0908157 -0.9949196 -0.0247288
44.958271 1.9425983 -1.4800259 44.0866241 -0.0146171 0.0568345 -0.4676482 0.8819645
45.224885 5.4469624 -5.2258940 43.9753723 0.0225921 -0.0397618 0.5748342 0.8169910
45.491499 6.3885403 -0.2531323 44.8177834 0.0349114 -0.0925522 0.9840180 -0.1480673
45.758117 1.8298111 -2.5657854 45.2584038 0.0087686 -0.0433772 0.3091024 -0.9499986
46.024738 6.3961143 -4.9050593 45.2245789 -0.0270347 0.0535868 -0.7063535 -0.7053101
46.291351 5.5759144 0.0728652 46.1584320 -0.0330536 0.0915139 -0.9436145 0.3164242
46.557968 2.0571623 -3.6525192 46.4121933 -0.0026571 0.0286193 -0.1412868 0.9895514
46.824584 7.1444860 -4.3114080 46.5096130 0.0306668 -0.0658055 0.8166981 0.5724801
47.091200 4.6626668 0.0744510 47.4736023 0.0302048 -0.0877318 0.8749185 -0.4752984
47.357819 2.6053240 -4.6249404 47.5598793 -0.0035342 -0.0130029 -0.0307685 -0.9994358
47.624437 7.6106877 -3.5296779 47.8266678 -0.0333795 0.0760514 -0.9025573 -0.4224836
47.891049 3.7652278 -0.2626215 48.7557869 -0.0264503 0.0813191 -0.7799894 0.6199228
48.157667 3.4167497 -5.3813539 48.7142715 0.0096195 -0.0030033 0.2019001 0.9793543
48.424284 7.7469392 -2.6670237 49.1685143 0.0350913 -0.0840169 0.9613544 0.2598220
48.690903 2.9981484 -0.9123203 50.0019264 0.0219028 -0.0724684 0.6616753 -0.7459587
48.957523 4.4025841 -5.8457670 49.8872299 -0.0154163 0.0189193 -0.3669778 -0.9299095
49.224154 7.5447431 -1.8401198 50.5244789 -0.0357511 0.0894635 -0.9913280 -0.0893702
49.490756 2.4604373 -1.8113115 51.2125282 -0.0166985 0.0614448 -0.5235226 0.8496292
49.757372 5.4531894 -5.9769258 51.0878448 0.0207510 -0.0342682 0.5210527 0.8525838
50.023986 7.0358882 -1.1614480 51.8820267 0.0353389 -0.0922277 0.9915792 -0.0837608
50.290612 2.2238278 -2.8666458 52.3928108 0.0109936 -0.0485791 0.3696747 -0.9278253
50.557222 6.4512291 -5.7732930 52.3228645 -0.0254634 0.0485894 -0.6595034 -0.7496973
50.823836 6.2886572 -0.7258332 53.2290306 -0.0338672 0.0922266 -0.9621012 0.2543787
51.090457 2.3241854 -3.9667397 53.5512009 -0.0049592 0.0342569 -0.2047435 0.9782034
51.357072 7.2856297 -5.2731299 53.5939980 0.0294124 -0.0614539 0.7781817 0.6243328
51.623686 5.3997087 -0.5991929 54.5542145 0.0313801 -0.0894605 0.9037777 -0.4173704
51.890308 2.7572811 -4.9947472 54.6993408 -0.0012239 -0.0189076 0.0336737 -0.9992533
52.156924 7.8647814 -4.5500588 54.8994255 -0.0324796 0.0724759 -0.8735289 -0.4802495
52.423540 4.4825382 -0.8106156 55.8488083 -0.0279522 0.0840121 -0.8183561 0.5678503
52.690155 3.4792571 -5.8422914 55.8490677 0.0073705 0.0029912 0.1384087 0.9903433
52.956772 8.1274395 -3.7040787 56.2322693 0.0345730 -0.0813252 0.9426872 0.3217637
53.223396 3.6540098 -1.3489642 57.1075592 0.0236860 -0.0760447 0.7083969 -0.7013059
53.490008 4.4118752 -6.4225130 57.0126839 -0.0132960 0.0130149 -0.3063405 -0.9517402
53.756627 8.0500278 -2.8500271 57.5831833 -0.0356297 0.0877359 -0.9835798 -0.1536348
54.023238 3.0205035 -2.1642292 58.3301964 -0.0187099 0.0657976 -0.5772018 0.8137314
54.289855 5.4518690 -6.6804647 58.2014542 0.0188228 -0.0286306 0.4650849 0.8846028
54.556474 7.6495399 -2.1036196 58.9411697 0.0356183 -0.0915162 0.9949831 -0.0191012
54.823090 2.6651387 -3.1734657 59.5205765 0.0131727 -0.0535775 0.4286990 -0.9017612
55.089706 6.4831820 -6.5994654 59.4227600 -0.0237853 0.0433881 -0.6098878 -0.7909416
55.356326 6.9813123 -1.5676925 60.2931328 -0.0345388 0.0925525 -0.9765542 0.1912669
55.622940 2.6379018 -4.2705107 60.6854095 -0.0072406 0.0397510 -0.2673414 0.9627544
55.889558 7.3907175 -6.2031326 60.6797676 0.0280347 -0.0568446 0.7364039 0.6735666
56.156175 6.1325903 -1.3200557 61.6268654 0.0324239 -0.0908140 0.9288459 -0.3576966
56.422794 2.9497418 -5.3388000 61.8350677 0.0010913 -0.0247326 0.0979685 -0.9948815
56.689409 8.0741644 -5.5526829 61.9719353 -0.0314436 0.0685969 -0.8408418 -0.5359954
56.956027 5.2120934 -1.4042454 62.9327469 -0.0293368 0.0863526 -0.8532882 0.5134023
57.222644 3.5712309 -6.2652464 62.9818726 0.0050906 0.0089727 0.0743410 0.9971796
57.489263 8.4598732 -4.7396564 63.2948990 0.0339096 -0.0782925 0.9200680 0.3823549
57.755877 4.3371439 -1.8243077 64.2048798 0.0253701 -0.0793021 0.7521473 -0.6537141
58.022494 4.4361553 -6.9536519 64.1388779 -0.0111199 0.0070562 -0.2444214 -0.9695797
58.289112 8.5096931 -3.8748388 64.6403198 -0.0353590 0.0856406 -0.9717087 -0.2172505
58.555728 3.6195958 -2.5442634 65.4408035 -0.0206428 0.0698740 -0.6284558 0.7744254
58.822345 5.4492407 -7.3360815 65.3172226 0.0168158 -0.0228734 0.4071716 0.9129103
59.088961 8.2254095 -3.0752363 65.9974060 0.0357482 -0.0904210 0.9942151 0.0456350
59.355581 3.1525707 -3.4924879 66.6429138 0.0152966 -0.0583511 0.4859241 -0.8719168
59.622194 6.4976234 -7.3811197 66.5261765 -0.0220074 0.0380046 -0.5577126 -0.8288715
59.888810 7.6485453 -2.4500546 67.3534775 -0.0350657 0.0924904 -0.9869137 0.1273471
60.155428 2.9993300 -4.5701256 67.8168411 -0.0094919 0.0450789 -0.3288249 0.9432667
60.422045 7.4642239 -7.0974097 67.7705383 0.0265392 -0.0519964 0.6915329 0.7199822
60.688663 6.8554916 -2.0877376 68.6964188 0.0333319 -0.0917868 0.9500235 -0.2965122
60.955278 3.1858425 -5.6629624 68.9719696 0.0034026 -0.0304550 0.1618657 -0.9863369
61.221899 8.2416992 -6.5327339 69.0510483 -0.0302754 0.0644294 -0.8046210 -0.5895061
61.488512 5.9483080 -2.0454085 70.0147552 -0.0305987 0.0883314 -0.8846496 0.4567892
61.755130 3.6976054 -6.6549492 70.1194839 0.0027889 0.0149178 0.0099491 0.9998354
62.021746 8.7452259 -5.7683301 70.3642731 0.0331039 -0.0749309 0.8935870 0.4413522
62.288363 5.0427027 -2.3421726 71.3009491 0.0269480 -0.0822274 0.7927502 -0.6033735
62.554979 4.4814491 -7.4420567 71.2722092 -0.0088968 0.0010669 -0.1814681 -0.9833561
62.821602 8.9225788 -4.9092979 71.7037430 -0.0349399 0.0831858 -0.9557611 -0.2799646
63.088213 4.2542391 -2.9568636 72.5519104 -0.0224894 0.0736580 -0.6770821 0.7318665
63.354833 5.4518275 -7.9447355 72.4431763 0.0147379 -0.0170196 0.3475449 0.9373931
63.621447 8.7604084 -4.0720057 73.0597916 0.0357283 -0.0889466 0.9892782 0.1101845
63.888066 3.6845002 -3.8303375 73.7680511 0.0173565 -0.0628802 0.5411139 -0.8384156
64.154685 6.5009232 -8.1171370 73.6414948 -0.0201372 0.0324619 -0.5032012 -0.8633246
64.421300 8.2856636 -3.3700290 74.4189148 -0.0354455 0.0920405 -0.9931343 0.0629001
64.687916 3.4089067 -4.8725433 74.9520645 -0.0117031 0.0502171 -0.3889212 0.9198270
64.954531 7.5114846 -7.9526548 74.8722763 0.0249327 -0.0469311 0.6437706 0.7633711
65.221154 7.5625358 -2.9009526 75.7680435 0.0340999 -0.0923748 0.9672134 -0.2340991
65.487768 3.4680505 -5.9735413 76.1130295 0.0056988 -0.0360481 0.2250660 -0.9736599
65.754384 8.3710375 -7.4850273 76.1396103 -0.0289808 0.0599932 -0.7650393 -0.6405277
66.021002 6.6848559 -2.7347214 77.0966339 -0.0317319 0.0899393 -0.9122916 0.3982814
66.287618 3.8625679 -7.0162835 77.2615509 0.0004764 0.0207982 -0.0544619 0.9982991
66.554234 8.9848728 -6.7838945 77.4406509 0.0321598 -0.0712566 0.8633690 0.4984799
66.820853 5.7647758 -2.9051070 78.3946533 0.0284124 -0.0848072 0.8300168 -0.5505203
67.087465 4.5532126 -7.8906841 78.4098969 -0.0066372 -0.0049249 -0.1177735 -0.9930061
67.354087 9.2877150 -5.9467802 78.7701797 -0.0343746 0.0803833 -0.9358117 -0.3414871
67.620700 4.9195476 -3.4059024 79.6574020 -0.0242411 0.0771324 -0.7228562 0.6862521
67.887316 5.4654765 -8.5067234 79.5706787 0.0125991 -0.0110961 0.2864773 0.9579399
68.153939 9.2511826 -5.0873890 80.1190109 0.0355587 -0.0871000 0.9801961 0.1742550
68.420551 4.2575169 -4.1915760 80.8838120 0.0193429 -0.0671448 0.5940214 -0.8014088
68.687171 6.4985709 -8.8052025 80.7556686 -0.0181832 0.0267847 -0.4465939 -0.8941509
68.953782 8.8874159 -4.3221235 81.4765854 -0.0356767 0.0912052 -0.9951913 -0.0017955
69.220404 3.8652158 -5.1827092 82.0776443 -0.0138646 0.0551437 -0.4473728 0.8925382
69.487020 7.5372124 -8.7645779 81.9726944 0.0232223 -0.0416704 0.5933227 0.8035500
69.753639 8.2473660 -3.7560794 82.8300934 0.0347249 -0.0925756 0.9803458 -0.1707220
70.020252 3.7970533 -6.2753391 83.2452545 0.0079705 -0.0414888 0.2873059 -0.9569067
70.286869 8.4654531 -8.4036846 83.2254944 -0.0275651 0.0553070 -0.7222641 -0.6888513
70.553488 7.4148703 -3.4706302 84.1664200 -0.0327318 0.0911701 -0.9361027 0.3381247
70.820105 4.0688133 -7.3533421 84.3957672 -0.0018372 0.0265893 -0.1186187 0.9925822
71.086719 9.1804533 -7.7794294 84.5133591 0.0310814 -0.0672855 0.8295503 0.5534917
71.353339 6.4967470 -3.5138483 85.4760971 0.0297571 -0.0870305 0.8637862 -0.4953924
71.619954 4.6559377 -8.3025188 85.5424957 -0.0043513 -0.0108921 -0.0536298 -0.9984920
71.886570 9.6048269 -6.9802895 85.8333588 -0.0336658 0.0772464 -0.9119606 -0.4015315
72.153187 5.6100788 -3.8946900 86.7527084 -0.0258899 0.0802809 -0.7655651 0.6378047
72.419805 5.4962358 -9.0238247 86.6975250 0.0104094 -0.0051317 0.2242693 0.9744582
72.686425 9.6957150 -6.1153641 87.1763840 0.0352405 -0.0848906 0.9670216 0.2375309
72.953040 4.8680887 -4.5817876 87.9925461 0.0212464 -0.0711238 0.6443862 -0.7610890
