58.889000 0.0000000 0.0000000 0.0000000 -0.0000000 -0.0000000 -0.0000000 1.0000000
59.055631 0.0889985 0.0321095 -0.0335745 0.0063045 -0.0170556 -0.0124110 0.9997577
59.322252 2.6639647 -0.7236745 0.3205521 0.1275916 -0.0990144 -0.9363660 0.3116654
59.588871 -0.0247156 -1.3969507 -0.1567912 0.0667072 -0.0328749 -0.4532652 -0.8882681
59.855483 2.3745530 0.0687943 -0.0837528 -0.1063325 0.0885375 0.7919142 -0.5947492
60.122100 0.5878481 -2.0956519 -0.2653752 -0.1005944 0.0610910 0.7056408 0.6987273
60.388720 1.6600068 0.4925656 -0.5139184 0.0742741 -0.0690684 -0.5670340 0.8174260
60.655335 1.4907465 -2.3116674 -0.3807578 0.1242646 -0.0831022 -0.8863481 -0.4382231
60.921952 0.8193977 0.3686845 -0.9053167 -0.0346728 0.0425848 0.2845660 -0.9570823
61.188569 2.3426466 -1.9706742 -0.5629386 -0.1353142 0.0966734 0.9770355 0.1332147
61.455184 0.2016750 -0.2649844 -1.2086704 -0.0084498 -0.0117764 0.0267993 0.9995358
61.721801 2.8224156 -1.2188792 -0.8454749 0.1326214 -0.1004263 -0.9684948 0.1853216
61.988421 0.0675421 -1.1687381 -1.4095714 0.0507145 -0.0202280 -0.3354448 -0.9404763
62.255034 2.7562544 -0.3651233 -1.2221897 -0.1164594 0.0939799 0.8615928 -0.4850391
62.521652 0.4862328 -1.9959862 -1.5341522 -0.0878286 0.0501782 0.6100234 0.7859006
62.788270 2.1864867 0.2413931 -1.6496103 0.0884695 -0.0779888 -0.6671858 0.7354959
63.054888 1.3081419 -2.4303739 -1.6387694 0.1160226 -0.0750322 -0.8226475 -0.5515071
63.321504 1.3548424 0.3493425 -2.0641952 -0.0514947 0.0540769 0.4050181 -0.9112543
63.588122 2.2239945 -2.3111172 -1.7876768 -0.1324333 0.0922659 0.9517219 0.2611014
63.854736 0.6067282 -0.0952143 -2.4074717 0.0092896 -0.0246729 -0.1017157 0.9944642
64.121352 2.8873241 -1.6966181 -2.0276051 0.1353937 -0.1001289 -0.9841375 0.0558228
64.387972 0.2544899 -0.9274565 -2.6492200 0.0338587 -0.0072369 -0.2119169 -0.9766742
64.654593 3.0516419 -0.8413694 -2.3692393 -0.1246034 0.0978226 0.9166021 -0.3670767
64.921219 0.4537070 -1.8290662 -2.7993932 -0.0735682 0.0384119 0.5040271 0.8596913
65.187822 2.6680317 -0.0951705 -2.7829859 0.1011581 -0.0855812 -0.7559751 0.6410496
65.454440 1.1416539 -2.4542513 -2.9042106 0.1058060 -0.0656854 -0.7449459 -0.6553977
65.721058 1.9045423 0.2353551 -3.2107027 -0.0674392 0.0646482 0.5185720 -0.8499151
65.987674 2.0620983 -2.5667157 -3.0278425 -0.1272979 0.0862878 0.9102071 0.3845422
66.254288 1.0795586 0.0081422 -3.5887263 0.0268711 -0.0371494 -0.2285015 0.9724634
66.520908 2.8667531 -2.1331050 -3.2270093 0.1358613 -0.0981267 -0.9830275 -0.0746316
66.787523 0.5358763 -0.6980290 -3.8730593 0.0164258 0.0058779 -0.0847750 -0.9962474
67.054139 3.2531819 -1.3362951 -3.5285380 -0.1306266 0.0999999 0.9560109 -0.2428578
67.320758 0.5048803 -1.6147658 -4.0567966 -0.0580547 0.0259906 0.3894422 0.9188520
67.587374 3.0845323 -0.5029402 -3.9187031 0.1121256 -0.0917170 -0.8319011 0.5356832
67.853992 1.0149860 -2.3902972 -4.1728759 0.0937875 -0.0552196 -0.6545571 -0.7481375
68.120612 2.4437270 0.0258043 -4.3487315 -0.0822369 0.0741194 0.6233038 -0.7741033
68.387225 1.8803620 -2.7287807 -4.2810163 -0.1199951 0.0788402 0.8531939 0.5014434
68.653843 1.6006120 0.0294347 -4.7540207 0.0439965 -0.0489943 -0.3514045 0.9339051
68.920467 2.7745471 -2.5073981 -4.4440660 0.1340163 -0.0944541 -0.9651811 -0.2038222
69.187076 0.9051363 -0.5046864 -5.0797873 -0.0012875 0.0188933 0.0438165 -0.9988601
69.453694 3.3596506 -1.8249946 -4.7031465 -0.1344266 0.1004751 0.9791447 -0.1144987
69.720308 0.6487824 -1.3762853 -5.3027358 -0.0415521 0.0131265 0.2682221 0.9623711
69.986933 3.4201679 -0.9629369 -5.0613790 0.1211847 -0.0962919 -0.8936664 0.4211918
70.253542 0.9491928 -2.2514842 -5.4402881 0.0801717 -0.0438131 -0.5530195 -0.8281440
70.520158 2.9482777 -0.2737150 -5.4825950 -0.0956353 0.0823293 0.7174274 -0.6851086
70.786783 1.7035739 -2.7949426 -5.5436339 -0.1106493 0.0700503 0.7816529 0.6098102
71.053397 2.1469584 -0.0413948 -5.9057021 0.0603730 -0.0600052 -0.4683270 0.8794455
71.320009 2.6293888 -2.8027101 -5.6775723 0.1298892 -0.0891730 -0.9309011 -0.3295456
71.586627 1.3496164 -0.3691640 -6.2689080 -0.0189796 0.0315875 0.1716655 -0.9844659
71.853246 3.3762436 -2.2829130 -5.8947630 -0.1359378 0.0992392 0.9856077 0.0158141
72.119865 0.8880689 -1.1384196 -6.5340858 -0.0243415 0.0000382 0.1424305 0.9895055
72.386479 3.6645885 -1.4525349 -6.2148876 0.1281805 -0.0992270 -0.9402176 0.2995240
72.653123 0.9611855 -2.0557985 -6.7019157 0.0651903 -0.0316601 -0.4420619 -0.8940521
72.919710 3.3964152 -0.6515188 -6.6168938 -0.1074054 0.0891375 0.7993390 -0.5844448
