8.798287 -0.0000334 -0.0018081 0.0014896 -0.7262775 -0.0180668 -0.0008857 0.6871636
8.998248 0.0021074 -0.0039968 0.0129930 -0.7314261 -0.0211356 -0.0027051 0.6815877
9.264866 0.0058177 -0.0055232 0.0258956 -0.7426775 -0.0163698 -0.0056014 0.6694258
11.131182 0.0081006 -0.0602091 0.0566989 -0.6990017 -0.0559714 0.0101802 0.7128536
12.997469 0.0148225 -0.0580965 0.0602291 -0.6935290 -0.1939272 0.1392430 0.6797214
15.663618 0.0135315 -0.0648542 0.0634148 -0.5966191 -0.0809422 0.0475599 0.7970145
16.463467 0.0116090 -0.0414596 0.0547220 -0.8270940 -0.0641918 -0.0122899 0.5582508
17.263310 0.0121938 -0.0574827 0.0649784 -0.6499850 -0.0733617 -0.0081439 0.7563540
19.662841 0.0088447 -0.0669398 0.0654730 -0.7012641 -0.0355131 -0.0308639 0.7113473
20.995918 0.0527448 -0.0802755 0.0669345 -0.6737038 0.0407542 -0.1179958 0.7283813
21.262531 0.0575909 -0.0801625 0.0683651 -0.6745293 0.0363537 -0.1111891 0.7289209
21.795765 0.0648827 -0.0774782 0.0702314 -0.6725289 0.0275744 -0.0878649 0.7343189
22.062386 0.0601505 -0.0779137 0.0694726 -0.6753497 0.0502131 -0.1038581 0.7284196
24.995141 0.1110176 -0.1707367 0.0700164 -0.5532492 0.3648711 -0.4419854 0.6045109
26.194909 0.1097663 -0.1572223 0.0723564 -0.5225843 0.4003817 -0.4881969 0.5729433
26.461524 0.1085048 -0.1558517 0.0722768 -0.5202436 0.3998368 -0.4932202 0.5711490
26.728137 0.1072372 -0.1553315 0.0724098 -0.5164520 0.4000961 -0.4966227 0.5714599
27.094743 0.1069316 -0.1546832 0.0722697 -0.5171437 0.4026764 -0.4965267 0.5691005
27.727945 0.0959271 -0.1556660 0.0725483 -0.4807220 0.4562151 -0.5428616 0.5158250
28.461135 0.0803129 -0.2149683 0.0723695 -0.3952445 0.5286201 -0.6308302 0.4079165
28.794407 0.0630528 -0.2435004 0.0747638 -0.3575483 0.5548487 -0.6570359 0.3641511
29.460942 0.0431024 -0.2651032 0.0743888 -0.2530294 0.6132113 -0.7035124 0.2549872
29.994179 0.0494250 -0.2639525 0.0766576 -0.2283523 0.6196054 -0.7121710 0.2382373
30.294113 0.0462956 -0.2573360 0.0764728 -0.1867185 0.6326901 -0.7294592 0.1809114
30.894000 0.0317528 -0.2481090 0.0737738 -0.0829492 0.6686186 -0.7356885 0.0695053
31.760506 0.0238431 -0.2473901 0.0717295 -0.0593769 0.6715269 -0.7378602 0.0329907
32.427037 0.0052527 -0.2545528 0.0679863 -0.0427494 0.6921811 -0.7196453 0.0341840
32.760301 -0.0158890 -0.2634836 0.0733588 -0.0412757 0.6860625 -0.7251311 0.0424202
33.160225 -0.0245569 -0.2787259 0.0721008 -0.0313481 0.6922867 -0.7194476 0.0463851
33.460170 -0.0190610 -0.2986797 0.0748200 -0.0367257 0.6842719 -0.7273967 0.0362956
34.060054 -0.0026341 -0.3586058 0.0751849 0.0101813 0.6912349 -0.7225205 0.0074007
34.326675 0.0016367 -0.3751933 0.0749415 0.0061368 0.6914837 -0.7223247 0.0077296
34.593282 -0.0026487 -0.4042135 0.0716044 -0.0120041 0.6955705 -0.7178677 0.0265227
34.893223 -0.0127550 -0.4420012 0.0726490 -0.0482716 0.6883581 -0.7227910 0.0375022
35.459781 -0.0186111 -0.4915215 0.0722833 0.0506675 -0.7053061 0.7046959 -0.0581369
35.759722 -0.0017060 -0.5247374 0.0715085 -0.0216254 0.6963668 -0.7158633 0.0463171
36.059669 0.0170309 -0.5516930 0.0752242 0.0268254 0.6838756 -0.7288691 0.0185575
37.292757 0.0166634 -0.6498584 0.0763468 -0.0181849 0.6752678 -0.7362540 0.0401623
37.559377 0.0180211 -0.6707629 0.0748495 -0.0281829 0.6912061 -0.7201611 0.0529904
37.892643 0.0309681 -0.6979460 0.0736417 -0.0159376 0.7048550 -0.7083630 0.0338744
38.859121 0.0707382 -0.7642084 0.0753847 0.0429594 0.7001616 -0.7126181 -0.0101818
39.159063 0.0676571 -0.7875924 0.0720916 0.0384615 0.7026799 -0.7104616 -0.0024627
39.492339 0.0612949 -0.8257979 0.0733036 0.0000602 0.6972647 -0.7168081 0.0028771
39.825608 0.0485659 -0.8496218 0.0759510 -0.0082491 0.6831367 -0.7301720 0.0102508
41.258658 0.0739197 -0.9654760 0.0772418 0.0572215 0.6987795 -0.7125623 -0.0262281
42.191810 0.0438599 -1.0301697 0.0792781 -0.0071903 0.6812186 -0.7320443 -0.0008305
42.491752 0.0444101 -1.0393769 0.0790420 -0.0030173 0.6871493 -0.7265005 0.0036936
42.791701 0.0524114 -1.0454201 0.0793190 0.0203637 0.6900799 -0.7234157 -0.0067063
43.158289 0.0555084 -1.0479857 0.0803307 0.0259626 0.6923169 -0.7210801 -0.0081790
43.458238 0.0602120 -1.0480242 0.0806254 0.0260565 0.6878774 -0.7251782 -0.0161985
45.791115 -0.0448430 -0.9908998 0.0755455 0.4334228 0.5579907 -0.5735728 -0.4144943
46.124385 -0.0455611 -1.0062776 0.0751707 0.4665819 0.5312002 -0.5573562 -0.4352950
46.424325 -0.0522208 -1.0116789 0.0758870 0.4842485 0.5252306 -0.5349557 -0.4510639
46.724266 -0.0689050 -1.0060391 0.0713879 0.4967942 0.5166038 -0.5260544 -0.4578023
47.024227 -0.0997761 -0.9976003 0.0733768 0.4772532 0.5119489 -0.5476063 -0.4585467
47.357483 -0.1251823 -0.9909277 0.0737299 0.4641712 0.5228328 -0.5574983 -0.4476456
47.790755 -0.1532205 -0.9941893 0.0742745 0.4632372 0.5303379 -0.5493955 -0.4497974
48.123999 -0.1826252 -1.0124794 0.0736893 0.4617223 0.5104765 -0.5405421 -0.4837773
48.457275 -0.2081046 -1.0252997 0.0743738 0.4808472 0.4976369 -0.5298369 -0.4903227
48.823861 -0.2305704 -1.0259187 0.0717494 0.4892049 0.4979514 -0.5277563 -0.4839383
49.423761 -0.3004010 -1.0068589 0.0757910 0.4530341 0.5121744 -0.5488055 -0.4808847
49.790340 -0.3292499 -1.0033937 0.0712148 0.4669394 0.5220938 -0.5428106 -0.4634031
50.090284 -0.3572448 -1.0176827 0.0689452 0.4735617 0.5231241 -0.5393345 -0.4595638
50.756824 -0.4115846 -1.0539265 0.0707267 0.4971471 0.4932359 -0.5308585 -0.4772341
51.090091 -0.4356452 -1.0604322 0.0686375 0.4947757 0.4988884 -0.5374795 -0.4662867
51.423368 -0.4704504 -1.0601906 0.0685558 0.4814617 0.5049857 -0.5498414 -0.4591933
51.756627 -0.5056995 -1.0564559 0.0685284 0.4527285 0.5263165 -0.5578685 -0.4547645
53.123030 -0.5963839 -1.1121100 0.0692813 0.4870906 0.5041161 -0.5188572 -0.4892820
53.422972 -0.6154093 -1.1048374 0.0645532 0.4845975 0.4957598 -0.5365730 -0.4811204
53.756240 -0.6520093 -1.0856777 0.0623819 0.4670123 0.5009285 -0.5533757 -0.4740734
55.289279 -0.7569859 -1.0860089 0.0396294 -0.5266474 -0.5007995 0.4902960 0.4810948
55.589222 -0.7638974 -1.0923789 0.0403075 -0.5228141 -0.4999035 0.4882634 0.4882222
56.189106 -0.7703028 -1.0905128 0.0470528 -0.5085686 -0.5043559 0.4997284 0.4870881
56.489047 -0.7706894 -1.0907654 0.0480670 -0.5047555 -0.5015804 0.5028185 0.4907265
57.122263 -0.7711205 -1.0957875 0.0482817 -0.5033923 -0.4940851 0.4973189 0.5051239
58.388684 -0.7202311 -1.0483135 0.0540596 -0.6494612 -0.2192219 0.2583066 0.6807494
59.055219 -0.6679825 -1.0112484 0.0515739 -0.6818795 -0.0443148 0.0872704 0.7248865
59.755161 -0.6877155 -1.0110822 0.0540308 -0.6847258 0.0181542 0.0269153 0.7280774
60.288322 -0.6920171 -1.0106764 0.0536946 -0.6841308 0.0137288 0.0134679 0.7291057
60.954851 -0.6930322 -1.0102813 0.0548953 -0.6839548 0.0128411 0.0114724 0.7293212
61.588072 -0.6933616 -1.0102814 0.0547101 -0.6813605 -0.0015208 0.0183849 0.7317155
61.888005 -0.6936398 -1.0103631 0.0547236 -0.6801266 0.0131778 0.0088321 0.7329230
62.221281 -0.6968961 -1.0104601 0.0544547 -0.6777748 0.0329681 -0.0064886 0.7345014
62.554546 -0.6891996 -1.0142306 0.0558131 -0.6806671 0.0945935 -0.0679989 0.7232707
62.887814 -0.6775421 -1.0298626 0.0534792 -0.6678591 0.1908632 -0.1821171 0.6959661
63.254419 -0.6578286 -1.0603155 0.0528872 -0.6190964 0.3332771 -0.3251801 0.6323796
63.687677 -0.6311407 -1.1007807 0.0531330 -0.5717894 0.4178600 -0.4082286 0.5760202
64.087579 -0.6103122 -1.1330194 0.0562056 -0.5087176 0.4820956 -0.4626997 0.5428622
64.487505 -0.5939111 -1.1417930 0.0552721 -0.4889926 0.5064374 -0.4847792 0.5190343
64.820771 -0.5693125 -1.1344215 0.0545806 0.4850260 -0.5135570 0.5040838 -0.4968990
65.187380 -0.5384208 -1.1191244 0.0622787 0.4641029 -0.5272052 0.5156189 -0.4907141
65.520639 -0.5202460 -1.1314367 0.0836699 0.4366452 -0.5658520 0.5024195 -0.4865463
65.920560 -0.4962641 -1.1476507 0.0994297 -0.4172770 0.5391034 -0.5119554 0.5226367
66.287159 -0.4561644 -1.1309214 0.0362791 -0.4568327 0.5069273 -0.5282562 0.5052465
66.653766 -0.5226061 -0.9557771 -0.1001046 -0.4874512 0.4996797 -0.5220734 0.4900518
66.987021 -0.6076223 -0.6323109 -0.1641199 0.4968486 -0.5208593 0.5130445 -0.4675814
67.286969 -0.6729697 -0.1341361 -0.1741898 0.4700370 -0.5512893 0.5276816 -0.4435059
67.653561 -0.7053025 0.4476909 -0.1065180 -0.4201181 0.5658596 -0.5667012 0.4267946
68.020157 -0.6990620 1.0385487 -0.0569393 -0.3900292 0.5642793 -0.6028302 0.4075070
68.420079 -0.5681729 1.6383032 0.0597110 -0.4170161 0.5911172 -0.6171366 0.3095490
68.786679 -0.5129107 1.8191402 0.0873210 0.4344928 -0.6046269 0.5892239 -0.3137796
69.319906 -0.3888743 1.8235513 0.1097196 -0.3865116 0.6005972 -0.6066666 0.3490666
69.753158 -0.2961537 1.8197272 0.1262336 -0.3502772 0.5908461 -0.6343342 0.3547209
70.119750 -0.2300271 1.7870464 0.1432525 -0.3505302 0.5800477 -0.6384022 0.3648505
70.486352 -0.1475356 1.7177875 0.1755580 -0.3535262 0.5585560 -0.6416447 0.3890073
70.852946 -0.0784743 1.6781783 0.1935642 -0.3664393 0.5595757 -0.6275007 0.3985477
71.152898 0.0019361 1.6789699 0.1947607 -0.3527558 0.5555085 -0.6374614 0.4007699
71.519481 0.0987998 1.6796695 0.1792507 -0.3381053 0.5750877 -0.6430597 0.3760761
71.819430 0.1468258 1.6646792 0.1608842 -0.3571718 0.5904618 -0.6314507 0.3536285
72.119370 0.1956885 1.6169653 0.1344284 -0.3910215 0.5976005 -0.6066618 0.3491954
72.419307 0.2424657 1.5610876 0.1247216 -0.4182737 0.5818701 -0.5912998 0.3699175
72.719255 0.2773677 1.5368460 0.1186420 -0.4392162 0.5748460 -0.5799533 0.3745604
73.019191 0.3171159 1.5271808 0.1136149 0.4563481 -0.5689650 0.5633775 -0.3881123
73.585751 0.4264640 1.5501859 0.1289353 -0.4069297 0.5706503 -0.6015017 0.3833564
73.885691 0.4505086 1.5530175 0.1388176 -0.3994587 0.5724206 -0.6042232 0.3842938
74.152308 0.4701157 1.5384057 0.1405690 -0.4112474 0.5599871 -0.5961473 0.4023662
74.452254 0.4907882 1.5154285 0.1405184 -0.4217094 0.5499278 -0.5857314 0.4203086
74.718863 0.5031374 1.4944372 0.1379243 -0.4393055 0.5416274 -0.5652423 0.4406265
74.985481 0.5180004 1.4910220 0.1338089 -0.4799968 0.5169517 -0.5233335 0.4780023
76.685153 0.5540670 1.6037558 0.1384375 -0.6212294 0.3284774 -0.3578274 0.6149278
76.985096 0.5631295 1.6466936 0.1313175 -0.6327103 0.3157333 -0.3437231 0.6179357
77.884927 0.6012598 1.7253445 0.1322250 -0.6966697 0.2057149 -0.2129720 0.6534337
78.151535 0.6384287 1.7276626 0.1321148 -0.6937854 0.1992397 -0.1977064 0.6632327
78.418168 0.6663784 1.7427911 0.1268365 -0.6972415 0.2045606 -0.1773307 0.6637492
78.684768 0.6809222 1.7913028 0.1205769 -0.7001223 0.1763867 -0.1634124 0.6723191
78.984724 0.6982120 1.8928968 0.1231813 -0.6865638 0.1751618 -0.1770584 0.6830804
79.251324 0.7215092 1.9701066 0.1210022 -0.6776367 0.1985635 -0.2026080 0.6784769
79.551266 0.7587329 2.0388544 0.1186874 -0.6788777 0.2124391 -0.1992558 0.6740118
79.884541 0.8519585 2.1397240 0.1052520 -0.6773353 0.1643831 -0.1601561 0.6989601
80.217809 0.9090376 2.2156780 0.1099184 -0.6870021 0.1420566 -0.1404047 0.6986663
80.517746 0.9338487 2.2983248 0.1034331 -0.7001408 0.1254214 -0.1281281 0.6911263
80.851018 0.9689944 2.4176531 0.0933833 -0.6991873 0.1527628 -0.1412813 0.6839886
81.150974 0.9847459 2.5083094 0.0907824 -0.6912395 0.1601444 -0.1487530 0.6887774
81.484232 1.0329818 2.6085942 0.0835757 -0.6915928 0.1526795 -0.1311748 0.6936726
81.784171 1.1004153 2.7157352 0.0816579 -0.6937569 0.1172752 -0.0978911 0.7038220
82.084119 1.1345603 2.8037140 0.0755987 -0.7107354 0.1045875 -0.0886198 0.6899734
82.384060 1.1391948 2.9037614 0.0637829 -0.7125953 0.0835000 -0.0864184 0.6912073
82.683998 1.1429594 3.0242157 0.0596168 -0.6983023 0.1183893 -0.1146621 0.6965706
82.983941 1.1603408 3.0950694 0.0584362 -0.7019894 0.1271635 -0.1166863 0.6909593
83.283887 1.2145023 3.1874466 0.0434811 -0.6978098 0.1101555 -0.0936956 0.7015329
83.550499 1.2793375 3.2595894 0.0491424 -0.6906732 0.0918811 -0.0816669 0.7126422
83.850442 1.3191564 3.3130283 0.0510287 -0.7012649 0.1019930 -0.0716524 0.7019195
84.117065 1.3207796 3.3639190 0.0465016 -0.7020020 0.1017433 -0.0807895 0.7002246
84.383671 1.3081355 3.4430366 0.0301638 -0.7105510 0.1304658 -0.0912307 0.6853999
84.650288 1.2920015 3.5173662 0.0322332 -0.6941960 0.1718444 -0.1141676 0.6895849
84.983558 1.2736740 3.5856724 0.0321107 -0.6945701 0.1461936 -0.1089140 0.6959437
85.250171 1.2798140 3.6490557 0.0216711 -0.7007872 0.1270397 -0.0864568 0.6966230
85.550112 1.3146713 3.7249784 0.0179219 -0.7098238 0.0941392 -0.0659852 0.6949344
85.850054 1.3318006 3.7857997 0.0158715 -0.7156447 0.0679999 -0.0587567 0.6926590
86.116670 1.3243138 3.8411191 -0.0014210 -0.7252073 0.0569987 -0.0392700 0.6850427
86.383287 1.2928410 3.8801584 -0.0138941 -0.7276945 0.0583369 -0.0487650 0.6816741
86.683230 1.2597039 3.9181769 -0.0153813 -0.7184225 0.1006043 -0.0845702 0.6830782
86.983169 1.2557242 3.9698958 -0.0233555 -0.6950902 0.1368572 -0.0900413 0.7000088
87.283112 1.2681955 4.0246005 -0.0713358 -0.7032769 0.1214884 -0.0846968 0.6953191
87.549735 1.2667739 4.0541983 -0.1016393 -0.7082169 0.1108177 -0.0964376 0.6905419
87.849672 1.2536057 4.0673757 -0.1273985 -0.7121670 0.0910783 -0.1181565 0.6859753
88.282919 1.2519300 4.0683293 -0.1334920 -0.7109979 0.0831087 -0.1225059 0.6874353
88.816152 1.2537622 4.0715241 -0.1385756 -0.7195423 0.0817698 -0.1204274 0.6790212
89.149419 1.2563816 4.0721483 -0.1388936 -0.7220325 0.0955367 -0.1190632 0.6748080
89.416038 1.2614372 4.0734253 -0.1397252 -0.7251376 0.1115783 -0.1090562 0.6706955
89.949265 1.2614572 4.0734687 -0.1397376 -0.7252230 0.1118648 -0.1085723 0.6706340
90.482497 1.2613976 4.0733819 -0.1397281 -0.7251441 0.1119114 -0.1085598 0.6707136
91.015728 1.2614712 4.0735698 -0.1398258 -0.7250399 0.1118648 -0.1083064 0.6708750
91.548963 1.2614810 4.0734630 -0.1397614 -0.7249563 0.1120416 -0.1082260 0.6709488
92.082190 1.2615322 4.0733795 -0.1396222 -0.7251406 0.1118806 -0.1085076 0.6707310
92.615418 1.2613835 4.0736480 -0.1398058 -0.7255747 0.1113110 -0.1087793 0.6703122
93.148654 1.2614413 4.0733924 -0.1397381 -0.7248362 0.1122666 -0.1078465 0.6711019
93.681895 1.2616332 4.0734973 -0.1396475 -0.7249762 0.1120084 -0.1080683 0.6709582
94.215112 1.2614632 4.0734739 -0.1397667 -0.7248799 0.1122508 -0.1081483 0.6710089
94.748343 1.2615387 4.0733318 -0.1397586 -0.7249724 0.1122652 -0.1079919 0.6709317
95.281574 1.2617605 4.0734072 -0.1396427 -0.7248759 0.1117967 -0.1080526 0.6711044
