6.432167 0.0000000 0.0000000 0.0000000 -0.0000000 -0.0000000 -0.0000000 1.0000000
6.532155 0.0203770 0.0316469 0.1634358 -0.0011832 -0.0219526 0.0004924 0.9997582
6.798816 0.0203770 0.0316469 0.1634358 -0.0011832 -0.0219526 0.0004924 0.9997582
7.065396 0.0203770 0.0316468 0.1634359 -0.0011832 -0.0219526 0.0004924 0.9997582
7.332009 0.0203770 0.0316469 0.1634363 -0.0011832 -0.0219526 0.0004924 0.9997582
7.598621 0.0203771 0.0316469 0.1634367 -0.0011832 -0.0219526 0.0004924 0.9997582
7.865243 0.0203772 0.0316469 0.1634376 -0.0011832 -0.0219526 0.0004924 0.9997582
8.131878 0.0203773 0.0316469 0.1634389 -0.0011832 -0.0219526 0.0004924 0.9997582
8.398484 0.0203773 0.0316470 0.1634402 -0.0011832 -0.0219526 0.0004924 0.9997582
8.665112 0.0203774 0.0316471 0.1634413 -0.0011832 -0.0219526 0.0004924 0.9997582
8.931714 0.0203774 0.0316473 0.1634419 -0.0011832 -0.0219526 0.0004924 0.9997582
9.198335 0.0203773 0.0316474 0.1634423 -0.0011832 -0.0219526 0.0004924 0.9997582
9.464951 0.0203772 0.0316476 0.1634418 -0.0011832 -0.0219526 0.0004924 0.9997582
9.731574 0.0203771 0.0316477 0.1634412 -0.0011832 -0.0219526 0.0004924 0.9997582
