0.000000 0.0000000 0.0000000 0.0000000 -0.0000000 -0.0000000 -0.0000000 1.0000000
0.299957 0.0032302 0.0099355 -0.1650633 0.0202788 -0.0087330 -0.0138481 0.9996603
0.566584 0.0032302 0.0099355 -0.1650638 0.0202788 -0.0087330 -0.0138481 0.9996603
0.833183 0.0032302 0.0099355 -0.1650644 0.0202788 -0.0087330 -0.0138481 0.9996603
1.099864 0.0032302 0.0099355 -0.1650650 0.0202788 -0.0087330 -0.0138481 0.9996603
1.366423 0.0032302 0.0099355 -0.1650656 0.0202788 -0.0087330 -0.0138481 0.9996603
1.633038 0.0032302 0.0099354 -0.1650662 0.0202788 -0.0087330 -0.0138481 0.9996603
1.899669 0.0032302 0.0099354 -0.1650668 0.0202788 -0.0087330 -0.0138481 0.9996603
2.166289 0.0032302 0.0099353 -0.1650674 0.0202788 -0.0087330 -0.0138481 0.9996603
2.432895 0.0032301 0.0099353 -0.1650682 0.0202788 -0.0087330 -0.0138481 0.9996603
2.699518 0.0032301 0.0099353 -0.1650689 0.0202788 -0.0087330 -0.0138481 0.9996603
2.966139 0.0032301 0.0099352 -0.1650696 0.0202788 -0.0087330 -0.0138481 0.9996603
3.232748 0.0032301 0.0099352 -0.1650703 0.0202788 -0.0087330 -0.0138481 0.9996603
3.499383 0.0032301 0.0099351 -0.1650704 0.0202788 -0.0087330 -0.0138481 0.9996603
3.765988 0.0032300 0.0099349 -0.1650698 0.0202788 -0.0087330 -0.0138481 0.9996603
4.032605 0.0032300 0.0099348 -0.1650692 0.0202788 -0.0087330 -0.0138481 0.9996603
4.299224 0.0032299 0.0099347 -0.1650683 0.0202788 -0.0087330 -0.0138481 0.9996603
4.565840 0.0032298 0.0099345 -0.1650672 0.0202788 -0.0087330 -0.0138481 0.9996603
4.832459 0.0032298 0.0099343 -0.1650662 0.0202788 -0.0087330 -0.0138481 0.9996603
5.099093 0.0032297 0.0099341 -0.1650653 0.0202788 -0.0087330 -0.0138481 0.9996603
5.365735 0.0032297 0.0099339 -0.1650645 0.0202788 -0.0087330 -0.0138481 0.9996603
5.632318 0.0032296 0.0099337 -0.1650641 0.0202788 -0.0087330 -0.0138481 0.9996603
5.898938 0.0032295 0.0099335 -0.1650641 0.0202788 -0.0087330 -0.0138481 0.9996603
6.165574 0.0032295 0.0099332 -0.1650646 0.0202788 -0.0087330 -0.0138481 0.9996603
6.432167 0.0032294 0.0099329 -0.1650654 0.0202788 -0.0087330 -0.0138481 0.9996603
6.698794 0.0032294 0.0099326 -0.1650667 0.0202788 -0.0087330 -0.0138481 0.9996603
6.965447 0.0032293 0.0099323 -0.1650681 0.0202788 -0.0087330 -0.0138481 0.9996603
7.232032 0.0032293 0.0099320 -0.1650695 0.0202788 -0.0087330 -0.0138481 0.9996603
7.498640 0.0032292 0.0099317 -0.1650707 0.0202788 -0.0087330 -0.0138481 0.9996603
7.765261 0.0032291 0.0099314 -0.1650715 0.0202788 -0.0087330 -0.0138481 0.9996603
8.031896 0.0032290 0.0099310 -0.1650717 0.0202788 -0.0087330 -0.0138481 0.9996603
8.298497 0.0032289 0.0099306 -0.1650716 0.0202788 -0.0087330 -0.0138481 0.9996603
8.565119 0.0032288 0.0099302 -0.1650711 0.0202788 -0.0087330 -0.0138481 0.9996603
8.831751 0.0032287 0.0099298 -0.1650703 0.0202788 -0.0087330 -0.0138481 0.9996603
9.098364 0.0032286 0.0099294 -0.1650692 0.0202788 -0.0087330 -0.0138481 0.9996603
9.364968 0.0032285 0.0099289 -0.1650680 0.0202788 -0.0087330 -0.0138481 0.9996603
9.631591 0.0032284 0.0099284 -0.1650668 0.0202788 -0.0087330 -0.0138481 0.9996603
9.898215 0.0032283 0.0099279 -0.1650658 0.0202788 -0.0087330 -0.0138481 0.9996603
10.164822 0.0032281 0.0099274 -0.1650651 0.0202788 -0.0087330 -0.0138481 0.9996603
10.431440 0.0032280 0.0099269 -0.1650647 0.0202788 -0.0087330 -0.0138481 0.9996603
10.698061 0.0032279 0.0099264 -0.1650647 0.0202788 -0.0087330 -0.0138481 0.9996603
10.964693 0.0032278 0.0099259 -0.1650652 0.0202788 -0.0087330 -0.0138481 0.9996603
11.231298 0.0032276 0.0099253 -0.1650660 0.0202788 -0.0087330 -0.0138481 0.9996603
11.497920 0.0032275 0.0099248 -0.1650673 0.0202788 -0.0087330 -0.0138481 0.9996603
11.764541 0.0032274 0.0099243 -0.1650689 0.0202788 -0.0087330 -0.0138481 0.9996603
12.031152 0.0032273 0.0099237 -0.1650706 0.0202788 -0.0087330 -0.0138481 0.9996603
12.297791 0.0032271 0.0099232 -0.1650721 0.0202788 -0.0087330 -0.0138481 0.9996603
12.564416 0.0032270 0.0099226 -0.1650733 0.0202788 -0.0087330 -0.0138481 0.9996603
12.831011 0.0032269 0.0099220 -0.1650739 0.0202788 -0.0087330 -0.0138481 0.9996603
13.097631 0.0032267 0.0099213 -0.1650741 0.0202788 -0.0087330 -0.0138481 0.9996603
13.364258 0.0032265 0.0099207 -0.1650738 0.0202788 -0.0087330 -0.0138481 0.9996603
13.630878 0.0032264 0.0099200 -0.1650727 0.0202788 -0.0087330 -0.0138481 0.9996603
13.897495 0.0032262 0.0099193 -0.1650712 0.0202788 -0.0087330 -0.0138481 0.9996603
14.164104 0.0032260 0.0099186 -0.1650695 0.0202788 -0.0087330 -0.0138481 0.9996603
14.430717 0.0032258 0.0099178 -0.1650677 0.0202788 -0.0087330 -0.0138481 0.9996603
14.697334 0.0032256 0.0099170 -0.1650663 0.0202788 -0.0087330 -0.0138481 0.9996603
14.963954 0.0032254 0.0099163 -0.1650652 0.0202788 -0.0087330 -0.0138481 0.9996603
15.230567 0.0032252 0.0099155 -0.1650647 0.0202788 -0.0087330 -0.0138481 0.9996603
15.497203 0.0032250 0.0099148 -0.1650649 0.0202788 -0.0087330 -0.0138481 0.9996603
15.763807 0.0032248 0.0099140 -0.1650658 0.0202788 -0.0087330 -0.0138481 0.9996603
16.030434 0.0032246 0.0099132 -0.1650672 0.0202788 -0.0087330 -0.0138481 0.9996603
16.297051 0.0032245 0.0099125 -0.1650690 0.0202788 -0.0087330 -0.0138481 0.9996603
16.563662 0.0032243 0.0099117 -0.1650711 0.0202788 -0.0087330 -0.0138481 0.9996603
16.830281 0.0032241 0.0099109 -0.1650731 0.0202788 -0.0087330 -0.0138481 0.9996603
17.096939 0.0032239 0.0099100 -0.1650749 0.0202788 -0.0087330 -0.0138481 0.9996603
17.363563 0.0032237 0.0099092 -0.1650762 0.0202788 -0.0087330 -0.0138481 0.9996603
17.630140 0.0032234 0.0099083 -0.1650769 0.0202788 -0.0087330 -0.0138481 0.9996603
17.896753 0.0032232 0.0099074 -0.1650770 0.0202788 -0.0087330 -0.0138481 0.9996603
18.163384 0.0032230 0.0099065 -0.1650764 0.0202788 -0.0087330 -0.0138481 0.9996603
18.429996 0.0032227 0.0099056 -0.1650753 0.0202788 -0.0087330 -0.0138481 0.9996603
18.696612 0.0032224 0.0099046 -0.1650735 0.0202788 -0.0087330 -0.0138481 0.9996603
18.963240 0.0032222 0.0099036 -0.1650713 0.0202788 -0.0087330 -0.0138481 0.9996603
19.229869 0.0032219 0.0099026 -0.1650691 0.0202788 -0.0087330 -0.0138481 0.9996603
19.496469 0.0032216 0.0099016 -0.1650671 0.0202788 -0.0087330 -0.0138481 0.9996603
19.763086 0.0032213 0.0099006 -0.1650658 0.0202788 -0.0087330 -0.0138481 0.9996603
20.029697 0.0032211 0.0098996 -0.1650652 0.0202788 -0.0087330 -0.0138481 0.9996603
20.296365 0.0032208 0.0098986 -0.1650654 0.0202788 -0.0087330 -0.0138481 0.9996603
20.562937 0.0032205 0.0098975 -0.1650664 0.0202788 -0.0087330 -0.0138481 0.9996603
20.829569 0.0032202 0.0098965 -0.1650681 0.0202788 -0.0087330 -0.0138481 0.9996603
21.096174 0.0032200 0.0098955 -0.1650705 0.0202788 -0.0087330 -0.0138481 0.9996603
21.362790 0.0032197 0.0098945 -0.1650731 0.0202788 -0.0087330 -0.0138481 0.9996603
21.629412 0.0032194 0.0098936 -0.1650757 0.0202788 -0.0087330 -0.0138481 0.9996603
21.896042 0.0032191 0.0098925 -0.1650780 0.0202788 -0.0087330 -0.0138481 0.9996603
22.162694 0.0032189 0.0098915 -0.1650798 0.0202788 -0.0087330 -0.0138481 0.9996603
22.429317 0.0032185 0.0098904 -0.1650808 0.0202788 -0.0087330 -0.0138481 0.9996603
22.695880 0.0032182 0.0098894 -0.1650818 0.0202788 -0.0087330 -0.0138481 0.9996603
22.962499 0.0032179 0.0098883 -0.1650834 0.0202788 -0.0087330 -0.0138481 0.9996603
23.229145 0.0032176 0.0098872 -0.1650857 0.0202788 -0.0087330 -0.0138481 0.9996603
23.495744 0.0032173 0.0098861 -0.1650885 0.0202788 -0.0087330 -0.0138481 0.9996603
23.762362 0.0032170 0.0098850 -0.1650914 0.0202788 -0.0087330 -0.0138481 0.9996603
24.028984 0.0032167 0.0098839 -0.1650940 0.0202788 -0.0087330 -0.0138481 0.9996603
24.295595 0.0032163 0.0098828 -0.1650960 0.0202788 -0.0087330 -0.0138481 0.9996603
24.562212 0.0032160 0.0098816 -0.1650974 0.0202788 -0.0087330 -0.0138481 0.9996603
24.828849 0.0032157 0.0098804 -0.1650989 0.0202788 -0.0087330 -0.0138481 0.9996603
25.095455 0.0032153 0.0098793 -0.1651011 0.0202788 -0.0087330 -0.0138481 0.9996603
25.362064 0.0032150 0.0098781 -0.1651037 0.0202788 -0.0087330 -0.0138481 0.9996603
25.628702 0.0032146 0.0098769 -0.1651068 0.0202788 -0.0087330 -0.0138481 0.9996603
25.895306 0.0032142 0.0098758 -0.1651098 0.0202788 -0.0087330 -0.0138481 0.9996603
26.161920 0.0032139 0.0098746 -0.1651125 0.0202788 -0.0087330 -0.0138481 0.9996603
26.428576 0.0032135 0.0098734 -0.1651149 0.0202788 -0.0087330 -0.0138481 0.9996603
26.695155 0.0032131 0.0098721 -0.1651178 0.0202788 -0.0087330 -0.0138481 0.9996603
26.961793 0.0032127 0.0098709 -0.1651212 0.0202788 -0.0087330 -0.0138481 0.9996603
27.228414 0.0032123 0.0098696 -0.1651245 0.0202788 -0.0087330 -0.0138481 0.9996603
27.495023 0.0032119 0.0098683 -0.1651274 0.0202788 -0.0087330 -0.0138481 0.9996603
27.761632 0.0032115 0.0098670 -0.1651297 0.0202788 -0.0087330 -0.0138481 0.9996603
28.028252 0.0032111 0.0098657 -0.1651319 0.0202788 -0.0087330 -0.0138481 0.9996603
28.294881 0.0032107 0.0098644 -0.1651347 0.0202788 -0.0087330 -0.0138481 0.9996603
28.561488 0.0032102 0.0098630 -0.1651379 0.0202788 -0.0087330 -0.0138481 0.9996603
28.828103 0.0032098 0.0098616 -0.1651411 0.0202788 -0.0087330 -0.0138481 0.9996603
29.094720 0.0032093 0.0098603 -0.1651438 0.0202788 -0.0087330 -0.0138481 0.9996603
29.361341 0.0032089 0.0098589 -0.1651460 0.0202788 -0.0087330 -0.0138481 0.9996603
29.627958 0.0032084 0.0098575 -0.1651483 0.0202788 -0.0087330 -0.0138481 0.9996603
29.894572 0.0032080 0.0098560 -0.1651512 0.0202788 -0.0087330 -0.0138481 0.9996603
30.161196 0.0032075 0.0098546 -0.1651544 0.0202788 -0.0087330 -0.0138481 0.9996603
30.427881 0.0032071 0.0098532 -0.1651576 0.0202788 -0.0087330 -0.0138481 0.9996603
30.694429 0.0032066 0.0098517 -0.1651604 0.0202788 -0.0087330 -0.0138481 0.9996603
30.961048 0.0032061 0.0098503 -0.1651630 0.0202788 -0.0087330 -0.0138481 0.9996603
31.227732 0.0032056 0.0098488 -0.1651657 0.0202788 -0.0087330 -0.0138481 0.9996603
31.494296 0.0032051 0.0098473 -0.1651690 0.0202788 -0.0087330 -0.0138481 0.9996603
31.760908 0.0032047 0.0098458 -0.1651722 0.0202788 -0.0087330 -0.0138481 0.9996603
32.027528 0.0032042 0.0098443 -0.1651753 0.0202788 -0.0087330 -0.0138481 0.9996603
32.294155 0.0032037 0.0098427 -0.1651780 0.0202788 -0.0087330 -0.0138481 0.9996603
32.560762 0.0032032 0.0098412 -0.1651807 0.0202788 -0.0087330 -0.0138481 0.9996603
32.827383 0.0032026 0.0098396 -0.1651836 0.0202788 -0.0087330 -0.0138481 0.9996603
33.094013 0.0032021 0.0098380 -0.1651870 0.0202788 -0.0087330 -0.0138481 0.9996603
33.360614 0.0032016 0.0098364 -0.1651904 0.0202788 -0.0087330 -0.0138481 0.9996603
33.627239 0.0032011 0.0098348 -0.1651935 0.0202788 -0.0087330 -0.0138481 0.9996603
33.893854 0.0032006 0.0098332 -0.1651965 0.0202788 -0.0087330 -0.0138481 0.9996603
34.160463 0.0032000 0.0098315 -0.1651998 0.0202788 -0.0087330 -0.0138481 0.9996603
34.427087 0.0031995 0.0098299 -0.1652033 0.0202788 -0.0087330 -0.0138481 0.9996603
34.693708 0.0031990 0.0098282 -0.1652067 0.0202788 -0.0087330 -0.0138481 0.9996603
34.960335 0.0031984 0.0098265 -0.1652098 0.0202788 -0.0087330 -0.0138481 0.9996603
35.226941 0.0031978 0.0098248 -0.1652128 0.0202788 -0.0087330 -0.0138481 0.9996603
35.493556 0.0031973 0.0098230 -0.1652161 0.0202788 -0.0087330 -0.0138481 0.9996603
35.760181 0.0031967 0.0098213 -0.1652195 0.0202788 -0.0087330 -0.0138481 0.9996603
36.026789 0.0031961 0.0098195 -0.1652226 0.0202788 -0.0087330 -0.0138481 0.9996603
36.293411 0.0031955 0.0098177 -0.1652257 0.0202788 -0.0087330 -0.0138481 0.9996603
36.560031 0.0031950 0.0098159 -0.1652287 0.0202788 -0.0087330 -0.0138481 0.9996603
36.826644 0.0031944 0.0098141 -0.1652319 0.0202788 -0.0087330 -0.0138481 0.9996603
37.093276 0.0031938 0.0098123 -0.1652353 0.0202788 -0.0087330 -0.0138481 0.9996603
37.359883 0.0031932 0.0098105 -0.1652386 0.0202788 -0.0087330 -0.0138481 0.9996603
37.626556 0.0031926 0.0098086 -0.1652419 0.0202788 -0.0087330 -0.0138481 0.9996603
37.893122 0.0031920 0.0098067 -0.1652451 0.0202788 -0.0087330 -0.0138481 0.9996603
38.159774 0.0031914 0.0098049 -0.1652485 0.0202788 -0.0087330 -0.0138481 0.9996603
38.426360 0.0031908 0.0098030 -0.1652521 0.0202788 -0.0087330 -0.0138481 0.9996603
38.692980 0.0031901 0.0098011 -0.1652555 0.0202788 -0.0087330 -0.0138481 0.9996603
38.959597 0.0031895 0.0097991 -0.1652589 0.0202788 -0.0087330 -0.0138481 0.9996603
39.226212 0.0031889 0.0097972 -0.1652623 0.0202788 -0.0087330 -0.0138481 0.9996603
39.492859 0.0031883 0.0097953 -0.1652658 0.0202788 -0.0087330 -0.0138481 0.9996603
39.759484 0.0031876 0.0097933 -0.1652692 0.0202788 -0.0087330 -0.0138481 0.9996603
40.026065 0.0031870 0.0097914 -0.1652725 0.0202788 -0.0087330 -0.0138481 0.9996603
40.292682 0.0031863 0.0097894 -0.1652760 0.0202788 -0.0087330 -0.0138481 0.9996603
40.559316 0.0031857 0.0097874 -0.1652793 0.0202788 -0.0087330 -0.0138481 0.9996603
40.825923 0.0031850 0.0097854 -0.1652830 0.0202788 -0.0087330 -0.0138481 0.9996603
41.092568 0.0031843 0.0097834 -0.1652865 0.0202788 -0.0087330 -0.0138481 0.9996603
41.359192 0.0031837 0.0097813 -0.1652901 0.0202788 -0.0087330 -0.0138481 0.9996603
41.625832 0.0031830 0.0097793 -0.1652937 0.0202788 -0.0087330 -0.0138481 0.9996603
41.892394 0.0031823 0.0097772 -0.1652972 0.0202788 -0.0087330 -0.0138481 0.9996603
42.159010 0.0031816 0.0097751 -0.1653007 0.0202788 -0.0087330 -0.0138481 0.9996603
42.425652 0.0031809 0.0097730 -0.1653042 0.0202788 -0.0087330 -0.0138481 0.9996603
42.692245 0.0031802 0.0097709 -0.1653078 0.0202788 -0.0087330 -0.0138481 0.9996603
42.958863 0.0031795 0.0097688 -0.1653113 0.0202788 -0.0087330 -0.0138481 0.9996603
43.225491 0.0031788 0.0097667 -0.1653146 0.0202788 -0.0087330 -0.0138481 0.9996603
43.492125 0.0031781 0.0097645 -0.1653181 0.0202788 -0.0087330 -0.0138481 0.9996603
43.758721 0.0031773 0.0097624 -0.1653216 0.0202788 -0.0087330 -0.0138481 0.9996603
44.025394 0.0031766 0.0097602 -0.1653252 0.0202788 -0.0087330 -0.0138481 0.9996603
44.291967 0.0031759 0.0097580 -0.1653286 0.0202788 -0.0087330 -0.0138481 0.9996603
44.558575 0.0031752 0.0097558 -0.1653321 0.0202788 -0.0087330 -0.0138481 0.9996603
44.825187 0.0031744 0.0097536 -0.1653354 0.0202788 -0.0087330 -0.0138481 0.9996603
45.091807 0.0031737 0.0097514 -0.1653391 0.0202788 -0.0087330 -0.0138481 0.9996603
45.358425 0.0031729 0.0097491 -0.1653428 0.0202788 -0.0087330 -0.0138481 0.9996603
45.625052 0.0031721 0.0097468 -0.1653460 0.0202788 -0.0087330 -0.0138481 0.9996603
45.891659 0.0031714 0.0097445 -0.1653493 0.0202788 -0.0087330 -0.0138481 0.9996603
46.158289 0.0031706 0.0097422 -0.1653527 0.0202788 -0.0087330 -0.0138481 0.9996603
46.424903 0.0031699 0.0097399 -0.1653562 0.0202788 -0.0087330 -0.0138481 0.9996603
46.691532 0.0031691 0.0097376 -0.1653599 0.0202788 -0.0087330 -0.0138481 0.9996603
46.958140 0.0031683 0.0097353 -0.1653629 0.0202788 -0.0087330 -0.0138481 0.9996603
47.224772 0.0031675 0.0097329 -0.1653660 0.0202788 -0.0087330 -0.0138481 0.9996603
47.491368 0.0031667 0.0097305 -0.1653696 0.0202788 -0.0087330 -0.0138481 0.9996603
47.758000 0.0031659 0.0097281 -0.1653734 0.0202788 -0.0087330 -0.0138481 0.9996603
48.024618 0.0031651 0.0097257 -0.1653771 0.0202788 -0.0087330 -0.0138481 0.9996603
48.291243 0.0031643 0.0097233 -0.1653802 0.0202788 -0.0087330 -0.0138481 0.9996603
48.557856 0.0031635 0.0097208 -0.1653834 0.0202788 -0.0087330 -0.0138481 0.9996603
48.824457 0.0031627 0.0097184 -0.1653867 0.0202788 -0.0087330 -0.0138481 0.9996603
49.091084 0.0031619 0.0097159 -0.1653900 0.0202788 -0.0087330 -0.0138481 0.9996603
49.357701 0.0031611 0.0097135 -0.1653931 0.0202788 -0.0087330 -0.0138481 0.9996603
49.624333 0.0031603 0.0097109 -0.1653954 0.0202788 -0.0087330 -0.0138481 0.9996603
49.890944 0.0031594 0.0097084 -0.1653974 0.0202788 -0.0087330 -0.0138481 0.9996603
50.157552 0.0031586 0.0097059 -0.1653998 0.0202788 -0.0087330 -0.0138481 0.9996603
50.424180 0.0031577 0.0097034 -0.1654033 0.0202788 -0.0087330 -0.0138481 0.9996603
50.690791 0.0031569 0.0097008 -0.1654071 0.0202788 -0.0087330 -0.0138481 0.9996603
50.957408 0.0031560 0.0096983 -0.1654106 0.0202788 -0.0087330 -0.0138481 0.9996603
51.224034 0.0031551 0.0096957 -0.1654133 0.0202788 -0.0087330 -0.0138481 0.9996603
51.490643 0.0031543 0.0096932 -0.1654159 0.0202788 -0.0087330 -0.0138481 0.9996603
51.757277 0.0031534 0.0096906 -0.1654188 0.0202788 -0.0087330 -0.0138481 0.9996603
52.023897 0.0031525 0.0096880 -0.1654225 0.0202788 -0.0087330 -0.0138481 0.9996603
52.290507 0.0031516 0.0096854 -0.1654263 0.0202788 -0.0087330 -0.0138481 0.9996603
52.557122 0.0031508 0.0096828 -0.1654300 0.0202788 -0.0087330 -0.0138481 0.9996603
52.823740 0.0031499 0.0096803 -0.1654343 0.0202788 -0.0087330 -0.0138481 0.9996603
53.090352 0.0031490 0.0096777 -0.1654394 0.0202788 -0.0087330 -0.0138481 0.9996603
53.356965 0.0031482 0.0096751 -0.1654445 0.0202788 -0.0087330 -0.0138481 0.9996603
53.623587 0.0031473 0.0096725 -0.1654497 0.0202788 -0.0087330 -0.0138481 0.9996603
53.890207 0.0031464 0.0096699 -0.1654556 0.0202788 -0.0087330 -0.0138481 0.9996603
54.156822 0.0031455 0.0096673 -0.1654614 0.0202788 -0.0087330 -0.0138481 0.9996603
54.423440 0.0031447 0.0096647 -0.1654673 0.0202788 -0.0087330 -0.0138481 0.9996603
54.690090 0.0031438 0.0096621 -0.1654734 0.0202788 -0.0087330 -0.0138481 0.9996603
54.956681 0.0031429 0.0096594 -0.1654789 0.0202788 -0.0087330 -0.0138481 0.9996603
55.223292 0.0031420 0.0096568 -0.1654844 0.0202788 -0.0087330 -0.0138481 0.9996603
55.489917 0.0031412 0.0096541 -0.1654903 0.0202788 -0.0087330 -0.0138481 0.9996603
55.756531 0.0031403 0.0096514 -0.1654956 0.0202788 -0.0087330 -0.0138481 0.9996603
56.023202 0.0031393 0.0096487 -0.1655014 0.0202788 -0.0087330 -0.0138481 0.9996603
56.289797 0.0031384 0.0096460 -0.1655073 0.0202788 -0.0087330 -0.0138481 0.9996603
56.556388 0.0031375 0.0096433 -0.1655127 0.0202788 -0.0087330 -0.0138481 0.9996603
56.823004 0.0031366 0.0096406 -0.1655186 0.0202788 -0.0087330 -0.0138481 0.9996603
57.089622 0.0031357 0.0096378 -0.1655242 0.0202788 -0.0087330 -0.0138481 0.9996603
57.356270 0.0031348 0.0096351 -0.1655298 0.0202788 -0.0087330 -0.0138481 0.9996603
57.622859 0.0031338 0.0096323 -0.1655356 0.0202788 -0.0087330 -0.0138481 0.9996603
57.889573 0.0031329 0.0096295 -0.1655413 0.0202788 -0.0087330 -0.0138481 0.9996603
58.156092 0.0031320 0.0096267 -0.1655469 0.0202788 -0.0087330 -0.0138481 0.9996603
58.422712 0.0031310 0.0096238 -0.1655527 0.0202788 -0.0087330 -0.0138481 0.9996603
58.689341 0.0031301 0.0096210 -0.1655583 0.0202788 -0.0087330 -0.0138481 0.9996603
58.955948 0.0031291 0.0096181 -0.1655640 0.0202788 -0.0087330 -0.0138481 0.9996603
59.222573 0.0031282 0.0096153 -0.1655698 0.0202788 -0.0087330 -0.0138481 0.9996603
59.489191 0.0031272 0.0096124 -0.1655753 0.0202788 -0.0087330 -0.0138481 0.9996603
59.755799 0.0031262 0.0096095 -0.1655810 0.0202788 -0.0087330 -0.0138481 0.9996603
60.022431 0.0031253 0.0096065 -0.1655867 0.0202788 -0.0087330 -0.0138481 0.9996603
60.289087 0.0031243 0.0096036 -0.1655921 0.0202788 -0.0087330 -0.0138481 0.9996603
60.555690 0.0031233 0.0096006 -0.1655976 0.0202788 -0.0087330 -0.0138481 0.9996603
60.822276 0.0031223 0.0095976 -0.1656032 0.0202788 -0.0087330 -0.0138481 0.9996603
61.088900 0.0031213 0.0095946 -0.1656087 0.0202788 -0.0087330 -0.0138481 0.9996603
61.355529 0.0031203 0.0095916 -0.1656144 0.0202788 -0.0087330 -0.0138481 0.9996603
61.622125 0.0031193 0.0095886 -0.1656201 0.0202788 -0.0087330 -0.0138481 0.9996603
61.888744 0.0031183 0.0095855 -0.1656257 0.0202788 -0.0087330 -0.0138481 0.9996603
62.155367 0.0031173 0.0095825 -0.1656314 0.0202788 -0.0087330 -0.0138481 0.9996603
62.421993 0.0031163 0.0095794 -0.1656369 0.0202788 -0.0087330 -0.0138481 0.9996603
62.688596 0.0031153 0.0095762 -0.1656424 0.0202788 -0.0087330 -0.0138481 0.9996603
62.955219 0.0031142 0.0095731 -0.1656479 0.0202788 -0.0087330 -0.0138481 0.9996603
63.221846 0.0031132 0.0095700 -0.1656533 0.0202788 -0.0087330 -0.0138481 0.9996603
63.488451 0.0031122 0.0095668 -0.1656588 0.0202788 -0.0087330 -0.0138481 0.9996603
63.755070 0.0031111 0.0095637 -0.1656644 0.0202788 -0.0087330 -0.0138481 0.9996603
64.021747 0.0031101 0.0095605 -0.1656701 0.0202788 -0.0087330 -0.0138481 0.9996603
64.288314 0.0031091 0.0095573 -0.1656757 0.0202788 -0.0087330 -0.0138481 0.9996603
64.554931 0.0031080 0.0095541 -0.1656813 0.0202788 -0.0087330 -0.0138481 0.9996603
64.821551 0.0031070 0.0095509 -0.1656869 0.0202788 -0.0087330 -0.0138481 0.9996603
65.088163 0.0031059 0.0095476 -0.1656924 0.0202788 -0.0087330 -0.0138481 0.9996603
65.354780 0.0031049 0.0095444 -0.1656981 0.0202788 -0.0087330 -0.0138481 0.9996603
65.621465 0.0031038 0.0095411 -0.1657038 0.0202788 -0.0087330 -0.0138481 0.9996603
65.888019 0.0031027 0.0095379 -0.1657094 0.0202788 -0.0087330 -0.0138481 0.9996603
66.154640 0.0031017 0.0095346 -0.1657151 0.0202788 -0.0087330 -0.0138481 0.9996603
66.421259 0.0031006 0.0095313 -0.1657209 0.0202788 -0.0087330 -0.0138481 0.9996603
66.687907 0.0030995 0.0095280 -0.1657267 0.0202788 -0.0087330 -0.0138481 0.9996603
66.954490 0.0030984 0.0095247 -0.1657325 0.0202788 -0.0087330 -0.0138481 0.9996603
67.221105 0.0030973 0.0095214 -0.1657384 0.0202788 -0.0087330 -0.0138481 0.9996603
67.487739 0.0030962 0.0095181 -0.1657441 0.0202788 -0.0087330 -0.0138481 0.9996603
67.754342 0.0030951 0.0095148 -0.1657500 0.0202788 -0.0087330 -0.0138481 0.9996603
68.020965 0.0030940 0.0095115 -0.1657560 0.0202788 -0.0087330 -0.0138481 0.9996603
68.287575 0.0030929 0.0095081 -0.1657618 0.0202788 -0.0087330 -0.0138481 0.9996603
68.554214 0.0030918 0.0095047 -0.1657678 0.0202788 -0.0087330 -0.0138481 0.9996603
68.820812 0.0030907 0.0095014 -0.1657737 0.0202788 -0.0087330 -0.0138481 0.9996603
69.087451 0.0030896 0.0094980 -0.1657794 0.0202788 -0.0087330 -0.0138481 0.9996603
69.354057 0.0030885 0.0094945 -0.1657854 0.0202788 -0.0087330 -0.0138481 0.9996603
69.620679 0.0030873 0.0094911 -0.1657911 0.0202788 -0.0087330 -0.0138481 0.9996603
69.887287 0.0030862 0.0094877 -0.1657967 0.0202788 -0.0087330 -0.0138481 0.9996603
70.153914 0.0030850 0.0094842 -0.1658026 0.0202788 -0.0087330 -0.0138481 0.9996603
70.420544 0.0030839 0.0094807 -0.1658081 0.0202788 -0.0087330 -0.0138481 0.9996603
70.687147 0.0030827 0.0094773 -0.1658138 0.0202788 -0.0087330 -0.0138481 0.9996603
70.953762 0.0030816 0.0094738 -0.1658196 0.0202788 -0.0087330 -0.0138481 0.9996603
71.220374 0.0030804 0.0094703 -0.1658251 0.0202788 -0.0087330 -0.0138481 0.9996603
71.486990 0.0030792 0.0094668 -0.1658309 0.0202788 -0.0087330 -0.0138481 0.9996603
71.753626 0.0030781 0.0094633 -0.1658368 0.0202788 -0.0087330 -0.0138481 0.9996603
72.020237 0.0030769 0.0094597 -0.1658423 0.0202788 -0.0087330 -0.0138481 0.9996603
72.286852 0.0030757 0.0094562 -0.1658483 0.0202788 -0.0087330 -0.0138481 0.9996603
72.553463 0.0030745 0.0094526 -0.1658541 0.0202788 -0.0087330 -0.0138481 0.9996603
72.820131 0.0030733 0.0094491 -0.1658597 0.0202788 -0.0087330 -0.0138481 0.9996603
73.086730 0.0030721 0.0094455 -0.1658656 0.0202788 -0.0087330 -0.0138481 0.9996603
73.353330 0.0030709 0.0094419 -0.1658712 0.0202788 -0.0087330 -0.0138481 0.9996603
73.619954 0.0030697 0.0094383 -0.1658769 0.0202788 -0.0087330 -0.0138481 0.9996603
73.886579 0.0030685 0.0094347 -0.1658829 0.0202788 -0.0087330 -0.0138481 0.9996603
74.153181 0.0030672 0.0094310 -0.1658887 0.0202788 -0.0087330 -0.0138481 0.9996603
74.419788 0.0030660 0.0094274 -0.1658947 0.0202788 -0.0087330 -0.0138481 0.9996603
74.686439 0.0030648 0.0094237 -0.1659009 0.0202788 -0.0087330 -0.0138481 0.9996603
74.953029 0.0030635 0.0094200 -0.1659065 0.0202788 -0.0087330 -0.0138481 0.9996603
75.219661 0.0030623 0.0094164 -0.1659126 0.0202788 -0.0087330 -0.0138481 0.9996603
75.486266 0.0030610 0.0094127 -0.1659184 0.0202788 -0.0087330 -0.0138481 0.9996603
75.752881 0.0030598 0.0094089 -0.1659241 0.0202788 -0.0087330 -0.0138481 0.9996603
76.019506 0.0030585 0.0094052 -0.1659301 0.0202788 -0.0087330 -0.0138481 0.9996603
76.286121 0.0030573 0.0094015 -0.1659359 0.0202788 -0.0087330 -0.0138481 0.9996603
76.552737 0.0030560 0.0093977 -0.1659416 0.0202788 -0.0087330 -0.0138481 0.9996603
76.819397 0.0030547 0.0093940 -0.1659477 0.0202788 -0.0087330 -0.0138481 0.9996603
77.085971 0.0030534 0.0093902 -0.1659535 0.0202788 -0.0087330 -0.0138481 0.9996603
77.352599 0.0030522 0.0093865 -0.1659594 0.0202788 -0.0087330 -0.0138481 0.9996603
77.619209 0.0030509 0.0093827 -0.1659655 0.0202788 -0.0087330 -0.0138481 0.9996603
77.885831 0.0030496 0.0093788 -0.1659711 0.0202788 -0.0087330 -0.0138481 0.9996603
78.152453 0.0030483 0.0093750 -0.1659769 0.0202788 -0.0087330 -0.0138481 0.9996603
78.419064 0.0030470 0.0093711 -0.1659827 0.0202788 -0.0087330 -0.0138481 0.9996603
78.685678 0.0030457 0.0093672 -0.1659882 0.0202788 -0.0087330 -0.0138481 0.9996603
78.952320 0.0030444 0.0093633 -0.1659939 0.0202788 -0.0087330 -0.0138481 0.9996603
79.218918 0.0030431 0.0093594 -0.1659996 0.0202788 -0.0087330 -0.0138481 0.9996603
79.485530 0.0030417 0.0093555 -0.1660051 0.0202788 -0.0087330 -0.0138481 0.9996603
79.752151 0.0030404 0.0093515 -0.1660108 0.0202788 -0.0087330 -0.0138481 0.9996603
80.018769 0.0030391 0.0093476 -0.1660164 0.0202788 -0.0087330 -0.0138481 0.9996603
80.285408 0.0030378 0.0093436 -0.1660220 0.0202788 -0.0087330 -0.0138481 0.9996603
80.552006 0.0030364 0.0093396 -0.1660277 0.0202788 -0.0087330 -0.0138481 0.9996603
80.818633 0.0030351 0.0093356 -0.1660333 0.0202788 -0.0087330 -0.0138481 0.9996603
81.085239 0.0030337 0.0093315 -0.1660389 0.0202788 -0.0087330 -0.0138481 0.9996603
81.351923 0.0030324 0.0093275 -0.1660446 0.0202788 -0.0087330 -0.0138481 0.9996603
81.618476 0.0030310 0.0093235 -0.1660502 0.0202788 -0.0087330 -0.0138481 0.9996603
81.885141 0.0030297 0.0093195 -0.1660559 0.0202788 -0.0087330 -0.0138481 0.9996603
82.151715 0.0030283 0.0093154 -0.1660619 0.0202788 -0.0087330 -0.0138481 0.9996603
82.418342 0.0030270 0.0093113 -0.1660679 0.0202788 -0.0087330 -0.0138481 0.9996603
82.684948 0.0030256 0.0093072 -0.1660738 0.0202788 -0.0087330 -0.0138481 0.9996603
82.951588 0.0030242 0.0093031 -0.1660797 0.0202788 -0.0087330 -0.0138481 0.9996603
83.218189 0.0030229 0.0092990 -0.1660856 0.0202788 -0.0087330 -0.0138481 0.9996603
83.484812 0.0030215 0.0092948 -0.1660913 0.0202788 -0.0087330 -0.0138481 0.9996603
83.751428 0.0030201 0.0092906 -0.1660971 0.0202788 -0.0087330 -0.0138481 0.9996603
84.018062 0.0030187 0.0092864 -0.1661031 0.0202788 -0.0087330 -0.0138481 0.9996603
84.284654 0.0030173 0.0092822 -0.1661087 0.0202788 -0.0087330 -0.0138481 0.9996603
84.551281 0.0030159 0.0092780 -0.1661144 0.0202788 -0.0087330 -0.0138481 0.9996603
84.817900 0.0030145 0.0092737 -0.1661203 0.0202788 -0.0087330 -0.0138481 0.9996603
85.084506 0.0030131 0.0092695 -0.1661259 0.0202788 -0.0087330 -0.0138481 0.9996603
85.351130 0.0030117 0.0092652 -0.1661317 0.0202788 -0.0087330 -0.0138481 0.9996603
85.617747 0.0030103 0.0092609 -0.1661376 0.0202788 -0.0087330 -0.0138481 0.9996603
85.884422 0.0030089 0.0092566 -0.1661434 0.0202788 -0.0087330 -0.0138481 0.9996603
86.150981 0.0030075 0.0092524 -0.1661496 0.0202788 -0.0087330 -0.0138481 0.9996603
86.417606 0.0030060 0.0092481 -0.1661558 0.0202788 -0.0087330 -0.0138481 0.9996603
86.684221 0.0030046 0.0092437 -0.1661621 0.0202788 -0.0087330 -0.0138481 0.9996603
86.950836 0.0030032 0.0092394 -0.1661687 0.0202788 -0.0087330 -0.0138481 0.9996603
87.217452 0.0030018 0.0092351 -0.1661749 0.0202788 -0.0087330 -0.0138481 0.9996603
87.484067 0.0030003 0.0092307 -0.1661814 0.0202788 -0.0087330 -0.0138481 0.9996603
87.750685 0.0029989 0.0092264 -0.1661877 0.0202788 -0.0087330 -0.0138481 0.9996603
88.017343 0.0029974 0.0092220 -0.1661938 0.0202788 -0.0087330 -0.0138481 0.9996603
88.283952 0.0029960 0.0092177 -0.1662003 0.0202788 -0.0087330 -0.0138481 0.9996603
88.550540 0.0029945 0.0092133 -0.1662064 0.0202788 -0.0087330 -0.0138481 0.9996603
88.817159 0.0029931 0.0092089 -0.1662126 0.0202788 -0.0087330 -0.0138481 0.9996603
89.083776 0.0029916 0.0092044 -0.1662190 0.0202788 -0.0087330 -0.0138481 0.9996603
89.350395 0.0029902 0.0092000 -0.1662249 0.0202788 -0.0087330 -0.0138481 0.9996603
89.617015 0.0029887 0.0091956 -0.1662312 0.0202788 -0.0087330 -0.0138481 0.9996603
89.883650 0.0029872 0.0091911 -0.1662374 0.0202788 -0.0087330 -0.0138481 0.9996603
90.150249 0.0029857 0.0091866 -0.1662436 0.0202788 -0.0087330 -0.0138481 0.9996603
90.416878 0.0029842 0.0091822 -0.1662500 0.0202788 -0.0087330 -0.0138481 0.9996603
90.683485 0.0029827 0.0091777 -0.1662561 0.0202788 -0.0087330 -0.0138481 0.9996603
90.950133 0.0029812 0.0091732 -0.1662624 0.0202788 -0.0087330 -0.0138481 0.9996603
91.216763 0.0029797 0.0091687 -0.1662688 0.0202788 -0.0087330 -0.0138481 0.9996603
91.483349 0.0029782 0.0091642 -0.1662750 0.0202788 -0.0087330 -0.0138481 0.9996603
91.750004 0.0029767 0.0091596 -0.1662815 0.0202788 -0.0087330 -0.0138481 0.9996603
92.016572 0.0029752 0.0091551 -0.1662877 0.0202788 -0.0087330 -0.0138481 0.9996603
92.283200 0.0029737 0.0091505 -0.1662940 0.0202788 -0.0087330 -0.0138481 0.9996603
92.549810 0.0029721 0.0091460 -0.1663003 0.0202788 -0.0087330 -0.0138481 0.9996603
