0.000000 0.0000000 0.0000000 0.0000000 -0.0000000 -0.0000000 -0.0000000 1.0000000
0.299957 0.0032302 0.0099355 -0.1650633 0.0202788 -0.0087330 -0.0138481 0.9996603
0.566584 0.0032302 0.0099355 -0.1650638 0.0202788 -0.0087330 -0.0138481 0.9996603
0.833183 0.0032302 0.0099355 -0.1650644 0.0202788 -0.0087330 -0.0138481 0.9996603
1.099864 0.0032302 0.0099355 -0.1650650 0.0202788 -0.0087330 -0.0138481 0.9996603
1.366423 0.0032302 0.0099355 -0.1650656 0.0202788 -0.0087330 -0.0138481 0.9996603
1.633038 0.0032302 0.0099354 -0.1650662 0.0202788 -0.0087330 -0.0138481 0.9996603
1.899669 0.0032302 0.0099354 -0.1650668 0.0202788 -0.0087330 -0.0138481 0.9996603
2.166289 0.0032302 0.0099353 -0.1650677 0.0202788 -0.0087330 -0.0138481 0.9996603
2.432895 0.0032302 0.0099353 -0.1650687 0.0202788 -0.0087330 -0.0138481 0.9996603
2.699518 0.0032301 0.0099352 -0.1650696 0.0202788 -0.0087330 -0.0138481 0.9996603
2.966139 0.0032301 0.0099352 -0.1650706 0.0202788 -0.0087330 -0.0138481 0.9996603
3.232748 0.0032301 0.0099350 -0.1650710 0.0202788 -0.0087330 -0.0138481 0.9996603
3.499383 0.0032301 0.0099349 -0.1650707 0.0202788 -0.0087330 -0.0138481 0.9996603
3.765988 0.0032300 0.0099347 -0.1650704 0.0202788 -0.0087330 -0.0138481 0.9996603
4.032605 0.0032300 0.0099346 -0.1650694 0.0202788 -0.0087330 -0.0138481 0.9996603
4.299224 0.0032299 0.0099343 -0.1650684 0.0202788 -0.0087330 -0.0138481 0.9996603
4.565840 0.0032298 0.0099341 -0.1650672 0.0202788 -0.0087330 -0.0138481 0.9996603
4.832459 0.0032298 0.0099339 -0.1650661 0.0202788 -0.0087330 -0.0138481 0.9996603
5.099093 0.0032297 0.0099337 -0.1650650 0.0202788 -0.0087330 -0.0138481 0.9996603
5.365735 0.0032296 0.0099334 -0.1650643 0.0202788 -0.0087330 -0.0138481 0.9996603
5.632318 0.0032296 0.0099331 -0.1650639 0.0202788 -0.0087330 -0.0138481 0.9996603
5.898938 0.0032295 0.0099328 -0.1650639 0.0202788 -0.0087330 -0.0138481 0.9996603
6.165574 0.0032295 0.0099326 -0.1650643 0.0202788 -0.0087330 -0.0138481 0.9996603
6.432167 0.0032294 0.0099323 -0.1650652 0.0202788 -0.0087330 -0.0138481 0.9996603
6.698794 0.0032293 0.0099320 -0.1650665 0.0202788 -0.0087330 -0.0138481 0.9996603
6.965447 0.0032293 0.0099316 -0.1650679 0.0202788 -0.0087330 -0.0138481 0.9996603
7.232032 0.0032292 0.0099313 -0.1650693 0.0202788 -0.0087330 -0.0138481 0.9996603
7.498640 0.0032291 0.0099310 -0.1650706 0.0202788 -0.0087330 -0.0138481 0.9996603
7.765261 0.0032290 0.0099307 -0.1650715 0.0202788 -0.0087330 -0.0138481 0.9996603
8.031896 0.0032290 0.0099304 -0.1650720 0.0202788 -0.0087330 -0.0138481 0.9996603
8.298497 0.0032289 0.0099300 -0.1650719 0.0202788 -0.0087330 -0.0138481 0.9996603
8.565119 0.0032287 0.0099296 -0.1650713 0.0202788 -0.0087330 -0.0138481 0.9996603
8.831751 0.0032286 0.0099292 -0.1650704 0.0202788 -0.0087330 -0.0138481 0.9996603
9.098364 0.0032285 0.0099288 -0.1650692 0.0202788 -0.0087330 -0.0138481 0.9996603
9.364968 0.0032284 0.0099284 -0.1650679 0.0202788 -0.0087330 -0.0138481 0.9996603
9.631591 0.0032282 0.0099279 -0.1650665 0.0202788 -0.0087330 -0.0138481 0.9996603
9.898215 0.0032281 0.0099275 -0.1650653 0.0202788 -0.0087330 -0.0138481 0.9996603
