0.000000 0.0000000 0.0000000 0.0000000 -0.0000000 -0.0000000 -0.0000000 1.0000000
0.299957 0.0032302 0.0099355 -0.1650633 0.0202788 -0.0087330 -0.0138481 0.9996603
0.566584 0.0032302 0.0099355 -0.1650638 0.0202788 -0.0087330 -0.0138481 0.9996603
0.833183 0.0032302 0.0099355 -0.1650644 0.0202788 -0.0087330 -0.0138481 0.9996603
1.099864 0.0032302 0.0099355 -0.1650650 0.0202788 -0.0087330 -0.0138481 0.9996603
1.366423 0.0032302 0.0099355 -0.1650656 0.0202788 -0.0087330 -0.0138481 0.9996603
1.633038 0.0032302 0.0099354 -0.1650662 0.0202788 -0.0087330 -0.0138481 0.9996603
1.899669 0.0032302 0.0099354 -0.1650668 0.0202788 -0.0087330 -0.0138481 0.9996603
2.166289 0.0032302 0.0099353 -0.1650676 0.0202788 -0.0087330 -0.0138481 0.9996603
2.432895 0.0032301 0.0099353 -0.1650684 0.0202788 -0.0087330 -0.0138481 0.9996603
2.699518 0.0032301 0.0099352 -0.1650692 0.0202788 -0.0087330 -0.0138481 0.9996603
2.966139 0.0032301 0.0099351 -0.1650700 0.0202788 -0.0087330 -0.0138481 0.9996603
3.232748 0.0032301 0.0099350 -0.1650701 0.0202788 -0.0087330 -0.0138481 0.9996603
3.499383 0.0032300 0.0099349 -0.1650700 0.0202788 -0.0087330 -0.0138481 0.9996603
3.765988 0.0032300 0.0099347 -0.1650697 0.0202788 -0.0087330 -0.0138481 0.9996603
4.032605 0.0032299 0.0099346 -0.1650688 0.0202788 -0.0087330 -0.0138481 0.9996603
4.299224 0.0032299 0.0099344 -0.1650679 0.0202788 -0.0087330 -0.0138481 0.9996603
4.565840 0.0032298 0.0099343 -0.1650669 0.0202788 -0.0087330 -0.0138481 0.9996603
4.832459 0.0032298 0.0099341 -0.1650660 0.0202788 -0.0087330 -0.0138481 0.9996603
5.099093 0.0032297 0.0099339 -0.1650653 0.0202788 -0.0087330 -0.0138481 0.9996603
5.365735 0.0032296 0.0099337 -0.1650648 0.0202788 -0.0087330 -0.0138481 0.9996603
5.632318 0.0032295 0.0099335 -0.1650648 0.0202788 -0.0087330 -0.0138481 0.9996603
5.898938 0.0032295 0.0099333 -0.1650650 0.0202788 -0.0087330 -0.0138481 0.9996603
6.165574 0.0032294 0.0099331 -0.1650655 0.0202788 -0.0087330 -0.0138481 0.9996603
6.432167 0.0032293 0.0099329 -0.1650663 0.0202788 -0.0087330 -0.0138481 0.9996603
6.698794 0.0032292 0.0099326 -0.1650673 0.0202788 -0.0087330 -0.0138481 0.9996603
6.965447 0.0032291 0.0099324 -0.1650682 0.0202788 -0.0087330 -0.0138481 0.9996603
7.232032 0.0032290 0.0099321 -0.1650691 0.0202788 -0.0087330 -0.0138481 0.9996603
7.498640 0.0032289 0.0099319 -0.1650699 0.0202788 -0.0087330 -0.0138481 0.9996603
7.765261 0.0032288 0.0099316 -0.1650702 0.0202788 -0.0087330 -0.0138481 0.9996603
8.031896 0.0032287 0.0099313 -0.1650703 0.0202788 -0.0087330 -0.0138481 0.9996603
8.298497 0.0032286 0.0099310 -0.1650700 0.0202788 -0.0087330 -0.0138481 0.9996603
8.565119 0.0032284 0.0099306 -0.1650694 0.0202788 -0.0087330 -0.0138481 0.9996603
8.831751 0.0032283 0.0099302 -0.1650687 0.0202788 -0.0087330 -0.0138481 0.9996603
9.098364 0.0032281 0.0099298 -0.1650678 0.0202788 -0.0087330 -0.0138481 0.9996603
9.364968 0.0032280 0.0099294 -0.1650669 0.0202788 -0.0087330 -0.0138481 0.9996603
9.631591 0.0032278 0.0099290 -0.1650660 0.0202788 -0.0087330 -0.0138481 0.9996603
9.898215 0.0032277 0.0099286 -0.1650653 0.0202788 -0.0087330 -0.0138481 0.9996603
10.164822 0.0032275 0.0099282 -0.1650648 0.0202788 -0.0087330 -0.0138481 0.9996603
10.431440 0.0032274 0.0099278 -0.1650645 0.0202788 -0.0087330 -0.0138481 0.9996603
10.698061 0.0032272 0.0099273 -0.1650646 0.0202788 -0.0087330 -0.0138481 0.9996603
10.964693 0.0032271 0.0099269 -0.1650650 0.0202788 -0.0087330 -0.0138481 0.9996603
11.231298 0.0032269 0.0099264 -0.1650658 0.0202788 -0.0087330 -0.0138481 0.9996603
11.497920 0.0032268 0.0099260 -0.1650668 0.0202788 -0.0087330 -0.0138481 0.9996603
11.764541 0.0032266 0.0099255 -0.1650679 0.0202788 -0.0087330 -0.0138481 0.9996603
12.031152 0.0032265 0.0099250 -0.1650691 0.0202788 -0.0087330 -0.0138481 0.9996603
12.297791 0.0032263 0.0099245 -0.1650703 0.0202788 -0.0087330 -0.0138481 0.9996603
12.564416 0.0032261 0.0099240 -0.1650710 0.0202788 -0.0087330 -0.0138481 0.9996603
12.831011 0.0032259 0.0099234 -0.1650715 0.0202788 -0.0087330 -0.0138481 0.9996603
13.097631 0.0032257 0.0099228 -0.1650715 0.0202788 -0.0087330 -0.0138481 0.9996603
13.364258 0.0032255 0.0099222 -0.1650711 0.0202788 -0.0087330 -0.0138481 0.9996603
13.630878 0.0032253 0.0099216 -0.1650704 0.0202788 -0.0087330 -0.0138481 0.9996603
13.897495 0.0032250 0.0099209 -0.1650695 0.0202788 -0.0087330 -0.0138481 0.9996603
14.164104 0.0032248 0.0099202 -0.1650685 0.0202788 -0.0087330 -0.0138481 0.9996603
14.430717 0.0032246 0.0099195 -0.1650675 0.0202788 -0.0087330 -0.0138481 0.9996603
14.697334 0.0032243 0.0099188 -0.1650667 0.0202788 -0.0087330 -0.0138481 0.9996603
14.963954 0.0032241 0.0099181 -0.1650662 0.0202788 -0.0087330 -0.0138481 0.9996603
15.230567 0.0032238 0.0099174 -0.1650659 0.0202788 -0.0087330 -0.0138481 0.9996603
15.497203 0.0032236 0.0099166 -0.1650659 0.0202788 -0.0087330 -0.0138481 0.9996603
15.763807 0.0032234 0.0099159 -0.1650662 0.0202788 -0.0087330 -0.0138481 0.9996603
16.030434 0.0032231 0.0099152 -0.1650667 0.0202788 -0.0087330 -0.0138481 0.9996603
16.297051 0.0032229 0.0099144 -0.1650675 0.0202788 -0.0087330 -0.0138481 0.9996603
16.563662 0.0032226 0.0099137 -0.1650685 0.0202788 -0.0087330 -0.0138481 0.9996603
16.830281 0.0032224 0.0099129 -0.1650696 0.0202788 -0.0087330 -0.0138481 0.9996603
17.096939 0.0032221 0.0099122 -0.1650707 0.0202788 -0.0087330 -0.0138481 0.9996603
17.363563 0.0032218 0.0099114 -0.1650717 0.0202788 -0.0087330 -0.0138481 0.9996603
17.630140 0.0032216 0.0099106 -0.1650723 0.0202788 -0.0087330 -0.0138481 0.9996603
17.896753 0.0032213 0.0099097 -0.1650726 0.0202788 -0.0087330 -0.0138481 0.9996603
18.163384 0.0032210 0.0099089 -0.1650725 0.0202788 -0.0087330 -0.0138481 0.9996603
18.429996 0.0032207 0.0099080 -0.1650721 0.0202788 -0.0087330 -0.0138481 0.9996603
18.696612 0.0032203 0.0099071 -0.1650714 0.0202788 -0.0087330 -0.0138481 0.9996603
18.963240 0.0032200 0.0099062 -0.1650706 0.0202788 -0.0087330 -0.0138481 0.9996603
19.229869 0.0032197 0.0099053 -0.1650696 0.0202788 -0.0087330 -0.0138481 0.9996603
19.496469 0.0032194 0.0099043 -0.1650685 0.0202788 -0.0087330 -0.0138481 0.9996603
19.763086 0.0032190 0.0099034 -0.1650677 0.0202788 -0.0087330 -0.0138481 0.9996603
20.029697 0.0032187 0.0099024 -0.1650671 0.0202788 -0.0087330 -0.0138481 0.9996603
20.296365 0.0032183 0.0099015 -0.1650668 0.0202788 -0.0087330 -0.0138481 0.9996603
20.562937 0.0032180 0.0099005 -0.1650668 0.0202788 -0.0087330 -0.0138481 0.9996603
20.829569 0.0032176 0.0098995 -0.1650673 0.0202788 -0.0087330 -0.0138481 0.9996603
21.096174 0.0032172 0.0098985 -0.1650681 0.0202788 -0.0087330 -0.0138481 0.9996603
21.362790 0.0032169 0.0098975 -0.1650693 0.0202788 -0.0087330 -0.0138481 0.9996603
21.629412 0.0032165 0.0098965 -0.1650706 0.0202788 -0.0087330 -0.0138481 0.9996603
21.896042 0.0032161 0.0098955 -0.1650718 0.0202788 -0.0087330 -0.0138481 0.9996603
22.162694 0.0032157 0.0098945 -0.1650729 0.0202788 -0.0087330 -0.0138481 0.9996603
22.429317 0.0032153 0.0098934 -0.1650736 0.0202788 -0.0087330 -0.0138481 0.9996603
22.695880 0.0032149 0.0098924 -0.1650740 0.0202788 -0.0087330 -0.0138481 0.9996603
22.962499 0.0032145 0.0098913 -0.1650739 0.0202788 -0.0087330 -0.0138481 0.9996603
23.229145 0.0032141 0.0098901 -0.1650735 0.0202788 -0.0087330 -0.0138481 0.9996603
23.495744 0.0032137 0.0098890 -0.1650727 0.0202788 -0.0087330 -0.0138481 0.9996603
23.762362 0.0032133 0.0098878 -0.1650718 0.0202788 -0.0087330 -0.0138481 0.9996603
24.028984 0.0032128 0.0098866 -0.1650708 0.0202788 -0.0087330 -0.0138481 0.9996603
24.295595 0.0032124 0.0098854 -0.1650698 0.0202788 -0.0087330 -0.0138481 0.9996603
24.562212 0.0032119 0.0098842 -0.1650689 0.0202788 -0.0087330 -0.0138481 0.9996603
24.828849 0.0032115 0.0098829 -0.1650685 0.0202788 -0.0087330 -0.0138481 0.9996603
25.095455 0.0032111 0.0098817 -0.1650685 0.0202788 -0.0087330 -0.0138481 0.9996603
25.362064 0.0032106 0.0098804 -0.1650688 0.0202788 -0.0087330 -0.0138481 0.9996603
25.628702 0.0032102 0.0098791 -0.1650693 0.0202788 -0.0087330 -0.0138481 0.9996603
25.895306 0.0032097 0.0098778 -0.1650697 0.0202788 -0.0087330 -0.0138481 0.9996603
26.161920 0.0032093 0.0098765 -0.1650703 0.0202788 -0.0087330 -0.0138481 0.9996603
26.428576 0.0032088 0.0098752 -0.1650713 0.0202788 -0.0087330 -0.0138481 0.9996603
26.695155 0.0032084 0.0098739 -0.1650725 0.0202788 -0.0087330 -0.0138481 0.9996603
26.961793 0.0032079 0.0098725 -0.1650736 0.0202788 -0.0087330 -0.0138481 0.9996603
27.228414 0.0032074 0.0098711 -0.1650746 0.0202788 -0.0087330 -0.0138481 0.9996603
27.495023 0.0032069 0.0098696 -0.1650754 0.0202788 -0.0087330 -0.0138481 0.9996603
27.761632 0.0032064 0.0098682 -0.1650758 0.0202788 -0.0087330 -0.0138481 0.9996603
28.028252 0.0032059 0.0098667 -0.1650757 0.0202788 -0.0087330 -0.0138481 0.9996603
28.294881 0.0032054 0.0098652 -0.1650753 0.0202788 -0.0087330 -0.0138481 0.9996603
28.561488 0.0032048 0.0098637 -0.1650746 0.0202788 -0.0087330 -0.0138481 0.9996603
28.828103 0.0032043 0.0098621 -0.1650737 0.0202788 -0.0087330 -0.0138481 0.9996603
29.094720 0.0032037 0.0098605 -0.1650728 0.0202788 -0.0087330 -0.0138481 0.9996603
29.361341 0.0032032 0.0098589 -0.1650719 0.0202788 -0.0087330 -0.0138481 0.9996603
29.627958 0.0032026 0.0098573 -0.1650712 0.0202788 -0.0087330 -0.0138481 0.9996603
29.894572 0.0032020 0.0098557 -0.1650708 0.0202788 -0.0087330 -0.0138481 0.9996603
30.161196 0.0032015 0.0098540 -0.1650706 0.0202788 -0.0087330 -0.0138481 0.9996603
30.427881 0.0032009 0.0098523 -0.1650708 0.0202788 -0.0087330 -0.0138481 0.9996603
30.694429 0.0032003 0.0098507 -0.1650713 0.0202788 -0.0087330 -0.0138481 0.9996603
30.961048 0.0031998 0.0098490 -0.1650720 0.0202788 -0.0087330 -0.0138481 0.9996603
31.227732 0.0031992 0.0098473 -0.1650728 0.0202788 -0.0087330 -0.0138481 0.9996603
31.494296 0.0031986 0.0098456 -0.1650736 0.0202788 -0.0087330 -0.0138481 0.9996603
31.760908 0.0031980 0.0098438 -0.1650745 0.0202788 -0.0087330 -0.0138481 0.9996603
32.027528 0.0031974 0.0098420 -0.1650754 0.0202788 -0.0087330 -0.0138481 0.9996603
32.294155 0.0031968 0.0098402 -0.1650763 0.0202788 -0.0087330 -0.0138481 0.9996603
32.560762 0.0031962 0.0098384 -0.1650769 0.0202788 -0.0087330 -0.0138481 0.9996603
32.827383 0.0031956 0.0098366 -0.1650774 0.0202788 -0.0087330 -0.0138481 0.9996603
33.094013 0.0031950 0.0098347 -0.1650777 0.0202788 -0.0087330 -0.0138481 0.9996603
33.360614 0.0031943 0.0098328 -0.1650776 0.0202788 -0.0087330 -0.0138481 0.9996603
33.627239 0.0031937 0.0098309 -0.1650772 0.0202788 -0.0087330 -0.0138481 0.9996603
33.893854 0.0031930 0.0098289 -0.1650766 0.0202788 -0.0087330 -0.0138481 0.9996603
34.160463 0.0031923 0.0098270 -0.1650758 0.0202788 -0.0087330 -0.0138481 0.9996603
34.427087 0.0031916 0.0098250 -0.1650751 0.0202788 -0.0087330 -0.0138481 0.9996603
34.693708 0.0031909 0.0098230 -0.1650744 0.0202788 -0.0087330 -0.0138481 0.9996603
34.960335 0.0031903 0.0098209 -0.1650741 0.0202788 -0.0087330 -0.0138481 0.9996603
35.226941 0.0031896 0.0098189 -0.1650740 0.0202788 -0.0087330 -0.0138481 0.9996603
35.493556 0.0031889 0.0098168 -0.1650743 0.0202788 -0.0087330 -0.0138481 0.9996603
35.760181 0.0031882 0.0098147 -0.1650749 0.0202788 -0.0087330 -0.0138481 0.9996603
36.026789 0.0031874 0.0098126 -0.1650758 0.0202788 -0.0087330 -0.0138481 0.9996603
36.293411 0.0031867 0.0098105 -0.1650769 0.0202788 -0.0087330 -0.0138481 0.9996603
36.560031 0.0031860 0.0098084 -0.1650779 0.0202788 -0.0087330 -0.0138481 0.9996603
36.826644 0.0031853 0.0098063 -0.1650789 0.0202788 -0.0087330 -0.0138481 0.9996603
37.093276 0.0031845 0.0098041 -0.1650797 0.0202788 -0.0087330 -0.0138481 0.9996603
37.359883 0.0031838 0.0098020 -0.1650803 0.0202788 -0.0087330 -0.0138481 0.9996603
37.626556 0.0031831 0.0097998 -0.1650807 0.0202788 -0.0087330 -0.0138481 0.9996603
37.893122 0.0031823 0.0097976 -0.1650808 0.0202788 -0.0087330 -0.0138481 0.9996603
38.159774 0.0031815 0.0097953 -0.1650806 0.0202788 -0.0087330 -0.0138481 0.9996603
38.426360 0.0031807 0.0097931 -0.1650802 0.0202788 -0.0087330 -0.0138481 0.9996603
38.692980 0.0031800 0.0097908 -0.1650796 0.0202788 -0.0087330 -0.0138481 0.9996603
38.959597 0.0031792 0.0097885 -0.1650790 0.0202788 -0.0087330 -0.0138481 0.9996603
39.226212 0.0031783 0.0097862 -0.1650784 0.0202788 -0.0087330 -0.0138481 0.9996603
39.492859 0.0031775 0.0097839 -0.1650780 0.0202788 -0.0087330 -0.0138481 0.9996603
39.759484 0.0031767 0.0097815 -0.1650777 0.0202788 -0.0087330 -0.0138481 0.9996603
40.026065 0.0031759 0.0097792 -0.1650778 0.0202788 -0.0087330 -0.0138481 0.9996603
40.292682 0.0031750 0.0097768 -0.1650781 0.0202788 -0.0087330 -0.0138481 0.9996603
40.559316 0.0031742 0.0097744 -0.1650788 0.0202788 -0.0087330 -0.0138481 0.9996603
40.825923 0.0031733 0.0097719 -0.1650797 0.0202788 -0.0087330 -0.0138481 0.9996603
41.092568 0.0031724 0.0097695 -0.1650805 0.0202788 -0.0087330 -0.0138481 0.9996603
41.359192 0.0031715 0.0097670 -0.1650812 0.0202788 -0.0087330 -0.0138481 0.9996603
41.625832 0.0031706 0.0097644 -0.1650820 0.0202788 -0.0087330 -0.0138481 0.9996603
41.892394 0.0031697 0.0097618 -0.1650824 0.0202788 -0.0087330 -0.0138481 0.9996603
42.159010 0.0031688 0.0097592 -0.1650823 0.0202788 -0.0087330 -0.0138481 0.9996603
42.425652 0.0031678 0.0097566 -0.1650821 0.0202788 -0.0087330 -0.0138481 0.9996603
42.692245 0.0031669 0.0097540 -0.1650820 0.0202788 -0.0087330 -0.0138481 0.9996603
42.958863 0.0031659 0.0097513 -0.1650819 0.0202788 -0.0087330 -0.0138481 0.9996603
43.225491 0.0031649 0.0097486 -0.1650817 0.0202788 -0.0087330 -0.0138481 0.9996603
43.492125 0.0031639 0.0097459 -0.1650814 0.0202788 -0.0087330 -0.0138481 0.9996603
43.758721 0.0031629 0.0097432 -0.1650813 0.0202788 -0.0087330 -0.0138481 0.9996603
44.025394 0.0031619 0.0097404 -0.1650813 0.0202788 -0.0087330 -0.0138481 0.9996603
44.291967 0.0031609 0.0097376 -0.1650814 0.0202788 -0.0087330 -0.0138481 0.9996603
44.558575 0.0031599 0.0097348 -0.1650818 0.0202788 -0.0087330 -0.0138481 0.9996603
44.825187 0.0031588 0.0097319 -0.1650823 0.0202788 -0.0087330 -0.0138481 0.9996603
45.091807 0.0031578 0.0097291 -0.1650830 0.0202788 -0.0087330 -0.0138481 0.9996603
45.358425 0.0031567 0.0097262 -0.1650839 0.0202788 -0.0087330 -0.0138481 0.9996603
45.625052 0.0031557 0.0097232 -0.1650847 0.0202788 -0.0087330 -0.0138481 0.9996603
45.891659 0.0031546 0.0097202 -0.1650855 0.0202788 -0.0087330 -0.0138481 0.9996603
46.158289 0.0031535 0.0097171 -0.1650862 0.0202788 -0.0087330 -0.0138481 0.9996603
46.424903 0.0031524 0.0097141 -0.1650874 0.0202788 -0.0087330 -0.0138481 0.9996603
46.691532 0.0031513 0.0097110 -0.1650891 0.0202788 -0.0087330 -0.0138481 0.9996603
46.958140 0.0031503 0.0097079 -0.1650914 0.0202788 -0.0087330 -0.0138481 0.9996603
47.224772 0.0031492 0.0097048 -0.1650938 0.0202788 -0.0087330 -0.0138481 0.9996603
47.491368 0.0031481 0.0097018 -0.1650961 0.0202788 -0.0087330 -0.0138481 0.9996603
47.758000 0.0031470 0.0096987 -0.1650982 0.0202788 -0.0087330 -0.0138481 0.9996603
48.024618 0.0031459 0.0096955 -0.1650998 0.0202788 -0.0087330 -0.0138481 0.9996603
48.291243 0.0031448 0.0096924 -0.1651006 0.0202788 -0.0087330 -0.0138481 0.9996603
48.557856 0.0031437 0.0096892 -0.1651004 0.0202788 -0.0087330 -0.0138481 0.9996603
48.824457 0.0031425 0.0096859 -0.1650994 0.0202788 -0.0087330 -0.0138481 0.9996603
49.091084 0.0031414 0.0096827 -0.1650977 0.0202788 -0.0087330 -0.0138481 0.9996603
49.357701 0.0031402 0.0096794 -0.1650957 0.0202788 -0.0087330 -0.0138481 0.9996603
49.624333 0.0031391 0.0096762 -0.1650936 0.0202788 -0.0087330 -0.0138481 0.9996603
49.890944 0.0031379 0.0096729 -0.1650916 0.0202788 -0.0087330 -0.0138481 0.9996603
50.157552 0.0031367 0.0096696 -0.1650898 0.0202788 -0.0087330 -0.0138481 0.9996603
50.424180 0.0031356 0.0096663 -0.1650886 0.0202788 -0.0087330 -0.0138481 0.9996603
50.690791 0.0031344 0.0096630 -0.1650881 0.0202788 -0.0087330 -0.0138481 0.9996603
50.957408 0.0031332 0.0096597 -0.1650869 0.0202788 -0.0087330 -0.0138481 0.9996603
51.224034 0.0031321 0.0096564 -0.1650850 0.0202788 -0.0087330 -0.0138481 0.9996603
51.490643 0.0031309 0.0096530 -0.1650826 0.0202788 -0.0087330 -0.0138481 0.9996603
51.757277 0.0031297 0.0096496 -0.1650800 0.0202788 -0.0087330 -0.0138481 0.9996603
52.023897 0.0031285 0.0096462 -0.1650776 0.0202788 -0.0087330 -0.0138481 0.9996603
52.290507 0.0031273 0.0096428 -0.1650758 0.0202788 -0.0087330 -0.0138481 0.9996603
52.557122 0.0031261 0.0096394 -0.1650745 0.0202788 -0.0087330 -0.0138481 0.9996603
52.823740 0.0031249 0.0096360 -0.1650731 0.0202788 -0.0087330 -0.0138481 0.9996603
53.090352 0.0031237 0.0096326 -0.1650710 0.0202788 -0.0087330 -0.0138481 0.9996603
53.356965 0.0031225 0.0096291 -0.1650686 0.0202788 -0.0087330 -0.0138481 0.9996603
53.623587 0.0031213 0.0096256 -0.1650660 0.0202788 -0.0087330 -0.0138481 0.9996603
53.890207 0.0031200 0.0096221 -0.1650636 0.0202788 -0.0087330 -0.0138481 0.9996603
54.156822 0.0031188 0.0096186 -0.1650616 0.0202788 -0.0087330 -0.0138481 0.9996603
54.423440 0.0031176 0.0096151 -0.1650595 0.0202788 -0.0087330 -0.0138481 0.9996603
54.690090 0.0031164 0.0096115 -0.1650568 0.0202788 -0.0087330 -0.0138481 0.9996603
54.956681 0.0031151 0.0096080 -0.1650538 0.0202788 -0.0087330 -0.0138481 0.9996603
55.223292 0.0031139 0.0096044 -0.1650508 0.0202788 -0.0087330 -0.0138481 0.9996603
55.489917 0.0031126 0.0096008 -0.1650483 0.0202788 -0.0087330 -0.0138481 0.9996603
55.756531 0.0031114 0.0095972 -0.1650458 0.0202788 -0.0087330 -0.0138481 0.9996603
56.023202 0.0031101 0.0095936 -0.1650432 0.0202788 -0.0087330 -0.0138481 0.9996603
56.289797 0.0031088 0.0095900 -0.1650402 0.0202788 -0.0087330 -0.0138481 0.9996603
56.556388 0.0031075 0.0095863 -0.1650373 0.0202788 -0.0087330 -0.0138481 0.9996603
56.823004 0.0031062 0.0095827 -0.1650348 0.0202788 -0.0087330 -0.0138481 0.9996603
57.089622 0.0031050 0.0095790 -0.1650323 0.0202788 -0.0087330 -0.0138481 0.9996603
57.356270 0.0031037 0.0095753 -0.1650299 0.0202788 -0.0087330 -0.0138481 0.9996603
57.622859 0.0031024 0.0095716 -0.1650271 0.0202788 -0.0087330 -0.0138481 0.9996603
57.889573 0.0031011 0.0095679 -0.1650243 0.0202788 -0.0087330 -0.0138481 0.9996603
58.156092 0.0030998 0.0095642 -0.1650217 0.0202788 -0.0087330 -0.0138481 0.9996603
58.422712 0.0030984 0.0095604 -0.1650189 0.0202788 -0.0087330 -0.0138481 0.9996603
58.689341 0.0030971 0.0095567 -0.1650163 0.0202788 -0.0087330 -0.0138481 0.9996603
58.955948 0.0030958 0.0095529 -0.1650136 0.0202788 -0.0087330 -0.0138481 0.9996603
59.222573 0.0030945 0.0095492 -0.1650108 0.0202788 -0.0087330 -0.0138481 0.9996603
59.489191 0.0030931 0.0095454 -0.1650082 0.0202788 -0.0087330 -0.0138481 0.9996603
59.755799 0.0030918 0.0095416 -0.1650055 0.0202788 -0.0087330 -0.0138481 0.9996603
60.022431 0.0030905 0.0095378 -0.1650030 0.0202788 -0.0087330 -0.0138481 0.9996603
60.289087 0.0030891 0.0095340 -0.1650004 0.0202788 -0.0087330 -0.0138481 0.9996603
60.555690 0.0030878 0.0095301 -0.1649976 0.0202788 -0.0087330 -0.0138481 0.9996603
60.822276 0.0030864 0.0095263 -0.1649948 0.0202788 -0.0087330 -0.0138481 0.9996603
61.088900 0.0030851 0.0095224 -0.1649917 0.0202788 -0.0087330 -0.0138481 0.9996603
61.355529 0.0030837 0.0095185 -0.1649888 0.0202788 -0.0087330 -0.0138481 0.9996603
61.622125 0.0030823 0.0095146 -0.1649860 0.0202788 -0.0087330 -0.0138481 0.9996603
61.888744 0.0030810 0.0095107 -0.1649832 0.0202788 -0.0087330 -0.0138481 0.9996603
62.155367 0.0030796 0.0095067 -0.1649803 0.0202788 -0.0087330 -0.0138481 0.9996603
62.421993 0.0030782 0.0095028 -0.1649774 0.0202788 -0.0087330 -0.0138481 0.9996603
62.688596 0.0030768 0.0094988 -0.1649747 0.0202788 -0.0087330 -0.0138481 0.9996603
62.955219 0.0030755 0.0094948 -0.1649726 0.0202788 -0.0087330 -0.0138481 0.9996603
63.221846 0.0030741 0.0094908 -0.1649703 0.0202788 -0.0087330 -0.0138481 0.9996603
63.488451 0.0030727 0.0094868 -0.1649677 0.0202788 -0.0087330 -0.0138481 0.9996603
63.755070 0.0030713 0.0094828 -0.1649648 0.0202788 -0.0087330 -0.0138481 0.9996603
64.021747 0.0030699 0.0094788 -0.1649620 0.0202788 -0.0087330 -0.0138481 0.9996603
64.288314 0.0030685 0.0094748 -0.1649594 0.0202788 -0.0087330 -0.0138481 0.9996603
64.554931 0.0030671 0.0094707 -0.1649573 0.0202788 -0.0087330 -0.0138481 0.9996603
64.821551 0.0030657 0.0094666 -0.1649548 0.0202788 -0.0087330 -0.0138481 0.9996603
65.088163 0.0030643 0.0094625 -0.1649520 0.0202788 -0.0087330 -0.0138481 0.9996603
65.354780 0.0030628 0.0094584 -0.1649491 0.0202788 -0.0087330 -0.0138481 0.9996603
65.621465 0.0030614 0.0094543 -0.1649465 0.0202788 -0.0087330 -0.0138481 0.9996603
65.888019 0.0030600 0.0094502 -0.1649444 0.0202788 -0.0087330 -0.0138481 0.9996603
66.154640 0.0030585 0.0094460 -0.1649422 0.0202788 -0.0087330 -0.0138481 0.9996603
66.421259 0.0030571 0.0094418 -0.1649393 0.0202788 -0.0087330 -0.0138481 0.9996603
66.687907 0.0030556 0.0094376 -0.1649362 0.0202788 -0.0087330 -0.0138481 0.9996603
66.954490 0.0030541 0.0094334 -0.1649333 0.0202788 -0.0087330 -0.0138481 0.9996603
67.221105 0.0030527 0.0094292 -0.1649310 0.0202788 -0.0087330 -0.0138481 0.9996603
67.487739 0.0030512 0.0094250 -0.1649288 0.0202788 -0.0087330 -0.0138481 0.9996603
67.754342 0.0030498 0.0094207 -0.1649261 0.0202788 -0.0087330 -0.0138481 0.9996603
68.020965 0.0030483 0.0094165 -0.1649230 0.0202788 -0.0087330 -0.0138481 0.9996603
68.287575 0.0030468 0.0094122 -0.1649200 0.0202788 -0.0087330 -0.0138481 0.9996603
68.554214 0.0030453 0.0094079 -0.1649174 0.0202788 -0.0087330 -0.0138481 0.9996603
68.820812 0.0030439 0.0094036 -0.1649150 0.0202788 -0.0087330 -0.0138481 0.9996603
69.087451 0.0030424 0.0093993 -0.1649121 0.0202788 -0.0087330 -0.0138481 0.9996603
69.354057 0.0030409 0.0093950 -0.1649089 0.0202788 -0.0087330 -0.0138481 0.9996603
69.620679 0.0030394 0.0093906 -0.1649060 0.0202788 -0.0087330 -0.0138481 0.9996603
69.887287 0.0030379 0.0093862 -0.1649034 0.0202788 -0.0087330 -0.0138481 0.9996603
70.153914 0.0030364 0.0093819 -0.1649009 0.0202788 -0.0087330 -0.0138481 0.9996603
70.420544 0.0030348 0.0093775 -0.1648980 0.0202788 -0.0087330 -0.0138481 0.9996603
70.687147 0.0030333 0.0093730 -0.1648951 0.0202788 -0.0087330 -0.0138481 0.9996603
70.953762 0.0030318 0.0093686 -0.1648924 0.0202788 -0.0087330 -0.0138481 0.9996603
71.220374 0.0030302 0.0093641 -0.1648901 0.0202788 -0.0087330 -0.0138481 0.9996603
71.486990 0.0030287 0.0093597 -0.1648879 0.0202788 -0.0087330 -0.0138481 0.9996603
71.753626 0.0030272 0.0093552 -0.1648852 0.0202788 -0.0087330 -0.0138481 0.9996603
72.020237 0.0030256 0.0093507 -0.1648822 0.0202788 -0.0087330 -0.0138481 0.9996603
72.286852 0.0030241 0.0093462 -0.1648794 0.0202788 -0.0087330 -0.0138481 0.9996603
72.553463 0.0030225 0.0093417 -0.1648768 0.0202788 -0.0087330 -0.0138481 0.9996603
72.820131 0.0030210 0.0093371 -0.1648742 0.0202788 -0.0087330 -0.0138481 0.9996603
73.086730 0.0030194 0.0093326 -0.1648716 0.0202788 -0.0087330 -0.0138481 0.9996603
73.353330 0.0030178 0.0093280 -0.1648687 0.0202788 -0.0087330 -0.0138481 0.9996603
73.619954 0.0030162 0.0093234 -0.1648660 0.0202788 -0.0087330 -0.0138481 0.9996603
73.886579 0.0030147 0.0093188 -0.1648632 0.0202788 -0.0087330 -0.0138481 0.9996603
74.153181 0.0030131 0.0093142 -0.1648603 0.0202788 -0.0087330 -0.0138481 0.9996603
74.419788 0.0030115 0.0093095 -0.1648574 0.0202788 -0.0087330 -0.0138481 0.9996603
74.686439 0.0030099 0.0093049 -0.1648544 0.0202788 -0.0087330 -0.0138481 0.9996603
74.953029 0.0030083 0.0093002 -0.1648515 0.0202788 -0.0087330 -0.0138481 0.9996603
75.219661 0.0030067 0.0092955 -0.1648484 0.0202788 -0.0087330 -0.0138481 0.9996603
75.486266 0.0030051 0.0092908 -0.1648455 0.0202788 -0.0087330 -0.0138481 0.9996603
75.752881 0.0030036 0.0092861 -0.1648426 0.0202788 -0.0087330 -0.0138481 0.9996603
76.019506 0.0030019 0.0092813 -0.1648397 0.0202788 -0.0087330 -0.0138481 0.9996603
76.286121 0.0030003 0.0092766 -0.1648366 0.0202788 -0.0087330 -0.0138481 0.9996603
76.552737 0.0029987 0.0092718 -0.1648334 0.0202788 -0.0087330 -0.0138481 0.9996603
76.819397 0.0029971 0.0092670 -0.1648305 0.0202788 -0.0087330 -0.0138481 0.9996603
77.085971 0.0029955 0.0092621 -0.1648275 0.0202788 -0.0087330 -0.0138481 0.9996603
77.352599 0.0029939 0.0092573 -0.1648244 0.0202788 -0.0087330 -0.0138481 0.9996603
77.619209 0.0029922 0.0092524 -0.1648210 0.0202788 -0.0087330 -0.0138481 0.9996603
77.885831 0.0029906 0.0092476 -0.1648180 0.0202788 -0.0087330 -0.0138481 0.9996603
78.152453 0.0029890 0.0092427 -0.1648153 0.0202788 -0.0087330 -0.0138481 0.9996603
78.419064 0.0029873 0.0092378 -0.1648124 0.0202788 -0.0087330 -0.0138481 0.9996603
78.685678 0.0029857 0.0092328 -0.1648091 0.0202788 -0.0087330 -0.0138481 0.9996603
78.952320 0.0029840 0.0092279 -0.1648058 0.0202788 -0.0087330 -0.0138481 0.9996603
79.218918 0.0029823 0.0092229 -0.1648031 0.0202788 -0.0087330 -0.0138481 0.9996603
79.485530 0.0029807 0.0092180 -0.1648003 0.0202788 -0.0087330 -0.0138481 0.9996603
79.752151 0.0029790 0.0092130 -0.1647972 0.0202788 -0.0087330 -0.0138481 0.9996603
80.018769 0.0029773 0.0092079 -0.1647939 0.0202788 -0.0087330 -0.0138481 0.9996603
80.285408 0.0029756 0.0092029 -0.1647907 0.0202788 -0.0087330 -0.0138481 0.9996603
80.552006 0.0029739 0.0091978 -0.1647882 0.0202788 -0.0087330 -0.0138481 0.9996603
80.818633 0.0029723 0.0091926 -0.1647856 0.0202788 -0.0087330 -0.0138481 0.9996603
81.085239 0.0029706 0.0091875 -0.1647830 0.0202788 -0.0087330 -0.0138481 0.9996603
81.351923 0.0029689 0.0091823 -0.1647807 0.0202788 -0.0087330 -0.0138481 0.9996603
81.618476 0.0029672 0.0091772 -0.1647792 0.0202788 -0.0087330 -0.0138481 0.9996603
81.885141 0.0029655 0.0091720 -0.1647778 0.0202788 -0.0087330 -0.0138481 0.9996603
82.151715 0.0029638 0.0091669 -0.1647765 0.0202788 -0.0087330 -0.0138481 0.9996603
82.418342 0.0029621 0.0091617 -0.1647753 0.0202788 -0.0087330 -0.0138481 0.9996603
82.684948 0.0029605 0.0091565 -0.1647741 0.0202788 -0.0087330 -0.0138481 0.9996603
82.951588 0.0029588 0.0091513 -0.1647729 0.0202788 -0.0087330 -0.0138481 0.9996603
83.218189 0.0029571 0.0091461 -0.1647717 0.0202788 -0.0087330 -0.0138481 0.9996603
83.484812 0.0029554 0.0091408 -0.1647705 0.0202788 -0.0087330 -0.0138481 0.9996603
83.751428 0.0029536 0.0091356 -0.1647694 0.0202788 -0.0087330 -0.0138481 0.9996603
84.018062 0.0029519 0.0091303 -0.1647690 0.0202788 -0.0087330 -0.0138481 0.9996603
84.284654 0.0029502 0.0091250 -0.1647694 0.0202788 -0.0087330 -0.0138481 0.9996603
84.551281 0.0029485 0.0091197 -0.1647700 0.0202788 -0.0087330 -0.0138481 0.9996603
84.817900 0.0029467 0.0091144 -0.1647715 0.0202788 -0.0087330 -0.0138481 0.9996603
85.084506 0.0029450 0.0091091 -0.1647732 0.0202788 -0.0087330 -0.0138481 0.9996603
85.351130 0.0029432 0.0091038 -0.1647754 0.0202788 -0.0087330 -0.0138481 0.9996603
85.617747 0.0029415 0.0090985 -0.1647775 0.0202788 -0.0087330 -0.0138481 0.9996603
85.884422 0.0029397 0.0090931 -0.1647795 0.0202788 -0.0087330 -0.0138481 0.9996603
86.150981 0.0029379 0.0090877 -0.1647811 0.0202788 -0.0087330 -0.0138481 0.9996603
86.417606 0.0029361 0.0090823 -0.1647824 0.0202788 -0.0087330 -0.0138481 0.9996603
86.684221 0.0029344 0.0090768 -0.1647839 0.0202788 -0.0087330 -0.0138481 0.9996603
86.950836 0.0029326 0.0090714 -0.1647856 0.0202788 -0.0087330 -0.0138481 0.9996603
87.217452 0.0029308 0.0090659 -0.1647875 0.0202788 -0.0087330 -0.0138481 0.9996603
87.484067 0.0029290 0.0090604 -0.1647894 0.0202788 -0.0087330 -0.0138481 0.9996603
87.750685 0.0029272 0.0090550 -0.1647911 0.0202788 -0.0087330 -0.0138481 0.9996603
88.017343 0.0029254 0.0090495 -0.1647925 0.0202788 -0.0087330 -0.0138481 0.9996603
88.283952 0.0029236 0.0090439 -0.1647933 0.0202788 -0.0087330 -0.0138481 0.9996603
88.550540 0.0029218 0.0090384 -0.1647937 0.0202788 -0.0087330 -0.0138481 0.9996603
88.817159 0.0029200 0.0090327 -0.1647936 0.0202788 -0.0087330 -0.0138481 0.9996603
89.083776 0.0029182 0.0090270 -0.1647931 0.0202788 -0.0087330 -0.0138481 0.9996603
89.350395 0.0029163 0.0090214 -0.1647922 0.0202788 -0.0087330 -0.0138481 0.9996603
89.617015 0.0029145 0.0090157 -0.1647911 0.0202788 -0.0087330 -0.0138481 0.9996603
89.883650 0.0029127 0.0090100 -0.1647902 0.0202788 -0.0087330 -0.0138481 0.9996603
90.150249 0.0029109 0.0090043 -0.1647896 0.0202788 -0.0087330 -0.0138481 0.9996603
90.416878 0.0029091 0.0089986 -0.1647894 0.0202788 -0.0087330 -0.0138481 0.9996603
90.683485 0.0029072 0.0089929 -0.1647896 0.0202788 -0.0087330 -0.0138481 0.9996603
90.950133 0.0029054 0.0089872 -0.1647903 0.0202788 -0.0087330 -0.0138481 0.9996603
91.216763 0.0029036 0.0089815 -0.1647916 0.0202788 -0.0087330 -0.0138481 0.9996603
91.483349 0.0029018 0.0089759 -0.1647933 0.0202788 -0.0087330 -0.0138481 0.9996603
91.750004 0.0029000 0.0089702 -0.1647952 0.0202788 -0.0087330 -0.0138481 0.9996603
92.016572 0.0028981 0.0089644 -0.1647974 0.0202788 -0.0087330 -0.0138481 0.9996603
92.283200 0.0028963 0.0089587 -0.1647996 0.0202788 -0.0087330 -0.0138481 0.9996603
92.549810 0.0028944 0.0089530 -0.1648014 0.0202788 -0.0087330 -0.0138481 0.9996603
92.816424 0.0028926 0.0089472 -0.1648027 0.0202788 -0.0087330 -0.0138481 0.9996603
93.083066 0.0028908 0.0089415 -0.1648036 0.0202788 -0.0087330 -0.0138481 0.9996603
