0.000000 0.0000000 0.0000000 0.0000000 -0.0000000 -0.0000000 -0.0000000 1.0000000
0.299957 0.0032302 0.0099355 -0.1650633 0.0202788 -0.0087330 -0.0138481 0.9996603
0.566584 0.0032302 0.0099355 -0.1650637 0.0202788 -0.0087330 -0.0138481 0.9996603
0.833183 0.0032302 0.0099355 -0.1650643 0.0202788 -0.0087330 -0.0138481 0.9996603
1.099864 0.0032302 0.0099355 -0.1650649 0.0202788 -0.0087330 -0.0138481 0.9996603
1.366423 0.0032302 0.0099355 -0.1650655 0.0202788 -0.0087330 -0.0138481 0.9996603
1.633038 0.0032302 0.0099354 -0.1650661 0.0202788 -0.0087330 -0.0138481 0.9996603
1.899669 0.0032302 0.0099353 -0.1650667 0.0202788 -0.0087330 -0.0138481 0.9996603
2.166289 0.0032301 0.0099353 -0.1650677 0.0202788 -0.0087330 -0.0138481 0.9996603
2.432895 0.0032301 0.0099353 -0.1650686 0.0202788 -0.0087330 -0.0138481 0.9996603
2.699518 0.0032301 0.0099352 -0.1650696 0.0202788 -0.0087330 -0.0138481 0.9996603
2.966139 0.0032300 0.0099351 -0.1650704 0.0202788 -0.0087330 -0.0138481 0.9996603
3.232748 0.0032300 0.0099350 -0.1650704 0.0202788 -0.0087330 -0.0138481 0.9996603
3.499383 0.0032300 0.0099349 -0.1650703 0.0202788 -0.0087330 -0.0138481 0.9996603
3.765988 0.0032299 0.0099347 -0.1650699 0.0202788 -0.0087330 -0.0138481 0.9996603
4.032605 0.0032299 0.0099346 -0.1650689 0.0202788 -0.0087330 -0.0138481 0.9996603
4.299224 0.0032298 0.0099344 -0.1650679 0.0202788 -0.0087330 -0.0138481 0.9996603
4.565840 0.0032298 0.0099342 -0.1650667 0.0202788 -0.0087330 -0.0138481 0.9996603
4.832459 0.0032297 0.0099339 -0.1650656 0.0202788 -0.0087330 -0.0138481 0.9996603
5.099093 0.0032296 0.0099337 -0.1650647 0.0202788 -0.0087330 -0.0138481 0.9996603
5.365735 0.0032295 0.0099335 -0.1650642 0.0202788 -0.0087330 -0.0138481 0.9996603
5.632318 0.0032295 0.0099332 -0.1650641 0.0202788 -0.0087330 -0.0138481 0.9996603
5.898938 0.0032294 0.0099329 -0.1650643 0.0202788 -0.0087330 -0.0138481 0.9996603
6.165574 0.0032293 0.0099327 -0.1650649 0.0202788 -0.0087330 -0.0138481 0.9996603
6.432167 0.0032292 0.0099324 -0.1650660 0.0202788 -0.0087330 -0.0138481 0.9996603
6.698794 0.0032292 0.0099321 -0.1650672 0.0202788 -0.0087330 -0.0138481 0.9996603
6.965447 0.0032291 0.0099318 -0.1650684 0.0202788 -0.0087330 -0.0138481 0.9996603
7.232032 0.0032290 0.0099315 -0.1650695 0.0202788 -0.0087330 -0.0138481 0.9996603
7.498640 0.0032289 0.0099312 -0.1650705 0.0202788 -0.0087330 -0.0138481 0.9996603
7.765261 0.0032288 0.0099308 -0.1650712 0.0202788 -0.0087330 -0.0138481 0.9996603
8.031896 0.0032287 0.0099304 -0.1650715 0.0202788 -0.0087330 -0.0138481 0.9996603
8.298497 0.0032286 0.0099301 -0.1650713 0.0202788 -0.0087330 -0.0138481 0.9996603
8.565119 0.0032284 0.0099296 -0.1650708 0.0202788 -0.0087330 -0.0138481 0.9996603
8.831751 0.0032283 0.0099292 -0.1650698 0.0202788 -0.0087330 -0.0138481 0.9996603
9.098364 0.0032282 0.0099287 -0.1650686 0.0202788 -0.0087330 -0.0138481 0.9996603
9.364968 0.0032280 0.0099282 -0.1650673 0.0202788 -0.0087330 -0.0138481 0.9996603
9.631591 0.0032279 0.0099277 -0.1650662 0.0202788 -0.0087330 -0.0138481 0.9996603
9.898215 0.0032278 0.0099272 -0.1650652 0.0202788 -0.0087330 -0.0138481 0.9996603
10.164822 0.0032276 0.0099267 -0.1650647 0.0202788 -0.0087330 -0.0138481 0.9996603
10.431440 0.0032275 0.0099261 -0.1650646 0.0202788 -0.0087330 -0.0138481 0.9996603
10.698061 0.0032273 0.0099256 -0.1650652 0.0202788 -0.0087330 -0.0138481 0.9996603
10.964693 0.0032272 0.0099251 -0.1650661 0.0202788 -0.0087330 -0.0138481 0.9996603
11.231298 0.0032270 0.0099245 -0.1650674 0.0202788 -0.0087330 -0.0138481 0.9996603
11.497920 0.0032269 0.0099240 -0.1650687 0.0202788 -0.0087330 -0.0138481 0.9996603
11.764541 0.0032267 0.0099234 -0.1650702 0.0202788 -0.0087330 -0.0138481 0.9996603
12.031152 0.0032266 0.0099228 -0.1650714 0.0202788 -0.0087330 -0.0138481 0.9996603
12.297791 0.0032264 0.0099222 -0.1650723 0.0202788 -0.0087330 -0.0138481 0.9996603
12.564416 0.0032262 0.0099215 -0.1650727 0.0202788 -0.0087330 -0.0138481 0.9996603
12.831011 0.0032261 0.0099208 -0.1650726 0.0202788 -0.0087330 -0.0138481 0.9996603
13.097631 0.0032259 0.0099202 -0.1650721 0.0202788 -0.0087330 -0.0138481 0.9996603
13.364258 0.0032256 0.0099195 -0.1650711 0.0202788 -0.0087330 -0.0138481 0.9996603
13.630878 0.0032254 0.0099187 -0.1650698 0.0202788 -0.0087330 -0.0138481 0.9996603
13.897495 0.0032252 0.0099180 -0.1650684 0.0202788 -0.0087330 -0.0138481 0.9996603
14.164104 0.0032250 0.0099172 -0.1650670 0.0202788 -0.0087330 -0.0138481 0.9996603
14.430717 0.0032248 0.0099165 -0.1650659 0.0202788 -0.0087330 -0.0138481 0.9996603
14.697334 0.0032246 0.0099157 -0.1650652 0.0202788 -0.0087330 -0.0138481 0.9996603
14.963954 0.0032243 0.0099149 -0.1650650 0.0202788 -0.0087330 -0.0138481 0.9996603
15.230567 0.0032241 0.0099142 -0.1650655 0.0202788 -0.0087330 -0.0138481 0.9996603
15.497203 0.0032239 0.0099134 -0.1650666 0.0202788 -0.0087330 -0.0138481 0.9996603
15.763807 0.0032237 0.0099126 -0.1650681 0.0202788 -0.0087330 -0.0138481 0.9996603
16.030434 0.0032235 0.0099119 -0.1650698 0.0202788 -0.0087330 -0.0138481 0.9996603
16.297051 0.0032233 0.0099111 -0.1650717 0.0202788 -0.0087330 -0.0138481 0.9996603
16.563662 0.0032230 0.0099103 -0.1650733 0.0202788 -0.0087330 -0.0138481 0.9996603
16.830281 0.0032228 0.0099094 -0.1650745 0.0202788 -0.0087330 -0.0138481 0.9996603
17.096939 0.0032226 0.0099086 -0.1650751 0.0202788 -0.0087330 -0.0138481 0.9996603
17.363563 0.0032223 0.0099077 -0.1650751 0.0202788 -0.0087330 -0.0138481 0.9996603
17.630140 0.0032220 0.0099068 -0.1650745 0.0202788 -0.0087330 -0.0138481 0.9996603
17.896753 0.0032218 0.0099059 -0.1650732 0.0202788 -0.0087330 -0.0138481 0.9996603
18.163384 0.0032215 0.0099050 -0.1650715 0.0202788 -0.0087330 -0.0138481 0.9996603
18.429996 0.0032212 0.0099040 -0.1650695 0.0202788 -0.0087330 -0.0138481 0.9996603
18.696612 0.0032209 0.0099030 -0.1650676 0.0202788 -0.0087330 -0.0138481 0.9996603
18.963240 0.0032206 0.0099021 -0.1650660 0.0202788 -0.0087330 -0.0138481 0.9996603
19.229869 0.0032203 0.0099011 -0.1650650 0.0202788 -0.0087330 -0.0138481 0.9996603
19.496469 0.0032200 0.0099001 -0.1650648 0.0202788 -0.0087330 -0.0138481 0.9996603
19.763086 0.0032197 0.0098991 -0.1650654 0.0202788 -0.0087330 -0.0138481 0.9996603
20.029697 0.0032194 0.0098981 -0.1650667 0.0202788 -0.0087330 -0.0138481 0.9996603
20.296365 0.0032192 0.0098972 -0.1650685 0.0202788 -0.0087330 -0.0138481 0.9996603
20.562937 0.0032189 0.0098962 -0.1650707 0.0202788 -0.0087330 -0.0138481 0.9996603
20.829569 0.0032186 0.0098952 -0.1650731 0.0202788 -0.0087330 -0.0138481 0.9996603
21.096174 0.0032183 0.0098942 -0.1650754 0.0202788 -0.0087330 -0.0138481 0.9996603
21.362790 0.0032180 0.0098931 -0.1650772 0.0202788 -0.0087330 -0.0138481 0.9996603
21.629412 0.0032177 0.0098921 -0.1650784 0.0202788 -0.0087330 -0.0138481 0.9996603
21.896042 0.0032174 0.0098910 -0.1650787 0.0202788 -0.0087330 -0.0138481 0.9996603
22.162694 0.0032170 0.0098899 -0.1650783 0.0202788 -0.0087330 -0.0138481 0.9996603
22.429317 0.0032167 0.0098888 -0.1650771 0.0202788 -0.0087330 -0.0138481 0.9996603
22.695880 0.0032163 0.0098876 -0.1650753 0.0202788 -0.0087330 -0.0138481 0.9996603
22.962499 0.0032160 0.0098865 -0.1650732 0.0202788 -0.0087330 -0.0138481 0.9996603
23.229145 0.0032156 0.0098853 -0.1650710 0.0202788 -0.0087330 -0.0138481 0.9996603
23.495744 0.0032152 0.0098840 -0.1650690 0.0202788 -0.0087330 -0.0138481 0.9996603
23.762362 0.0032148 0.0098828 -0.1650674 0.0202788 -0.0087330 -0.0138481 0.9996603
24.028984 0.0032144 0.0098816 -0.1650666 0.0202788 -0.0087330 -0.0138481 0.9996603
24.295595 0.0032140 0.0098803 -0.1650664 0.0202788 -0.0087330 -0.0138481 0.9996603
24.562212 0.0032137 0.0098791 -0.1650665 0.0202788 -0.0087330 -0.0138481 0.9996603
24.828849 0.0032133 0.0098778 -0.1650665 0.0202788 -0.0087330 -0.0138481 0.9996603
25.095455 0.0032129 0.0098766 -0.1650664 0.0202788 -0.0087330 -0.0138481 0.9996603
25.362064 0.0032125 0.0098754 -0.1650664 0.0202788 -0.0087330 -0.0138481 0.9996603
25.628702 0.0032122 0.0098742 -0.1650663 0.0202788 -0.0087330 -0.0138481 0.9996603
25.895306 0.0032118 0.0098730 -0.1650662 0.0202788 -0.0087330 -0.0138481 0.9996603
26.161920 0.0032114 0.0098718 -0.1650662 0.0202788 -0.0087330 -0.0138481 0.9996603
26.428576 0.0032111 0.0098706 -0.1650662 0.0202788 -0.0087330 -0.0138481 0.9996603
26.695155 0.0032107 0.0098694 -0.1650664 0.0202788 -0.0087330 -0.0138481 0.9996603
26.961793 0.0032103 0.0098682 -0.1650666 0.0202788 -0.0087330 -0.0138481 0.9996603
27.228414 0.0032100 0.0098670 -0.1650669 0.0202788 -0.0087330 -0.0138481 0.9996603
27.495023 0.0032096 0.0098658 -0.1650673 0.0202788 -0.0087330 -0.0138481 0.9996603
27.761632 0.0032093 0.0098646 -0.1650677 0.0202788 -0.0087330 -0.0138481 0.9996603
28.028252 0.0032089 0.0098634 -0.1650681 0.0202788 -0.0087330 -0.0138481 0.9996603
28.294881 0.0032086 0.0098621 -0.1650685 0.0202788 -0.0087330 -0.0138481 0.9996603
28.561488 0.0032083 0.0098609 -0.1650688 0.0202788 -0.0087330 -0.0138481 0.9996603
28.828103 0.0032079 0.0098596 -0.1650690 0.0202788 -0.0087330 -0.0138481 0.9996603
29.094720 0.0032076 0.0098584 -0.1650692 0.0202788 -0.0087330 -0.0138481 0.9996603
29.361341 0.0032072 0.0098571 -0.1650691 0.0202788 -0.0087330 -0.0138481 0.9996603
29.627958 0.0032069 0.0098559 -0.1650691 0.0202788 -0.0087330 -0.0138481 0.9996603
29.894572 0.0032066 0.0098547 -0.1650689 0.0202788 -0.0087330 -0.0138481 0.9996603
30.161196 0.0032062 0.0098534 -0.1650687 0.0202788 -0.0087330 -0.0138481 0.9996603
30.427881 0.0032059 0.0098522 -0.1650687 0.0202788 -0.0087330 -0.0138481 0.9996603
30.694429 0.0032056 0.0098510 -0.1650686 0.0202788 -0.0087330 -0.0138481 0.9996603
30.961048 0.0032053 0.0098497 -0.1650687 0.0202788 -0.0087330 -0.0138481 0.9996603
31.227732 0.0032049 0.0098485 -0.1650688 0.0202788 -0.0087330 -0.0138481 0.9996603
31.494296 0.0032046 0.0098473 -0.1650691 0.0202788 -0.0087330 -0.0138481 0.9996603
31.760908 0.0032043 0.0098461 -0.1650696 0.0202788 -0.0087330 -0.0138481 0.9996603
32.027528 0.0032040 0.0098449 -0.1650700 0.0202788 -0.0087330 -0.0138481 0.9996603
32.294155 0.0032037 0.0098437 -0.1650704 0.0202788 -0.0087330 -0.0138481 0.9996603
32.560762 0.0032034 0.0098425 -0.1650707 0.0202788 -0.0087330 -0.0138481 0.9996603
32.827383 0.0032030 0.0098413 -0.1650709 0.0202788 -0.0087330 -0.0138481 0.9996603
33.094013 0.0032027 0.0098401 -0.1650711 0.0202788 -0.0087330 -0.0138481 0.9996603
33.360614 0.0032024 0.0098389 -0.1650712 0.0202788 -0.0087330 -0.0138481 0.9996603
33.627239 0.0032021 0.0098376 -0.1650712 0.0202788 -0.0087330 -0.0138481 0.9996603
33.893854 0.0032018 0.0098364 -0.1650713 0.0202788 -0.0087330 -0.0138481 0.9996603
34.160463 0.0032015 0.0098352 -0.1650713 0.0202788 -0.0087330 -0.0138481 0.9996603
34.427087 0.0032012 0.0098340 -0.1650714 0.0202788 -0.0087330 -0.0138481 0.9996603
34.693708 0.0032009 0.0098328 -0.1650714 0.0202788 -0.0087330 -0.0138481 0.9996603
34.960335 0.0032007 0.0098316 -0.1650715 0.0202788 -0.0087330 -0.0138481 0.9996603
35.226941 0.0032004 0.0098304 -0.1650717 0.0202788 -0.0087330 -0.0138481 0.9996603
35.493556 0.0032001 0.0098292 -0.1650718 0.0202788 -0.0087330 -0.0138481 0.9996603
35.760181 0.0031998 0.0098280 -0.1650720 0.0202788 -0.0087330 -0.0138481 0.9996603
36.026789 0.0031995 0.0098269 -0.1650722 0.0202788 -0.0087330 -0.0138481 0.9996603
36.293411 0.0031992 0.0098257 -0.1650724 0.0202788 -0.0087330 -0.0138481 0.9996603
36.560031 0.0031989 0.0098245 -0.1650725 0.0202788 -0.0087330 -0.0138481 0.9996603
36.826644 0.0031986 0.0098233 -0.1650727 0.0202788 -0.0087330 -0.0138481 0.9996603
37.093276 0.0031983 0.0098221 -0.1650729 0.0202788 -0.0087330 -0.0138481 0.9996603
37.359883 0.0031980 0.0098209 -0.1650731 0.0202788 -0.0087330 -0.0138481 0.9996603
37.626556 0.0031977 0.0098197 -0.1650734 0.0202788 -0.0087330 -0.0138481 0.9996603
37.893122 0.0031975 0.0098185 -0.1650737 0.0202788 -0.0087330 -0.0138481 0.9996603
38.159774 0.0031972 0.0098173 -0.1650738 0.0202788 -0.0087330 -0.0138481 0.9996603
38.426360 0.0031969 0.0098162 -0.1650738 0.0202788 -0.0087330 -0.0138481 0.9996603
38.692980 0.0031966 0.0098150 -0.1650739 0.0202788 -0.0087330 -0.0138481 0.9996603
38.959597 0.0031963 0.0098138 -0.1650739 0.0202788 -0.0087330 -0.0138481 0.9996603
39.226212 0.0031961 0.0098127 -0.1650740 0.0202788 -0.0087330 -0.0138481 0.9996603
39.492859 0.0031958 0.0098115 -0.1650741 0.0202788 -0.0087330 -0.0138481 0.9996603
39.759484 0.0031955 0.0098104 -0.1650743 0.0202788 -0.0087330 -0.0138481 0.9996603
