18.096719 0.0000000 0.0000000 0.0000000 -0.0000000 -0.0000000 -0.0000000 1.0000000
18.130081 0.0540881 -0.0793312 -0.0587049 0.0068228 -0.0009192 0.0180491 0.9998134
18.396664 0.0540879 -0.0793312 -0.0587048 0.0068228 -0.0009192 0.0180491 0.9998134
18.663278 0.0540876 -0.0793313 -0.0587045 0.0068228 -0.0009192 0.0180491 0.9998134
18.929907 0.0540871 -0.0793315 -0.0587042 0.0068228 -0.0009192 0.0180491 0.9998134
19.196521 0.0540866 -0.0793317 -0.0587039 0.0068228 -0.0009192 0.0180491 0.9998134
19.463145 0.0540860 -0.0793319 -0.0587035 0.0068228 -0.0009192 0.0180491 0.9998134
19.729773 0.0540854 -0.0793321 -0.0587030 0.0068228 -0.0009192 0.0180491 0.9998134
19.996388 0.0540849 -0.0793323 -0.0587026 0.0068228 -0.0009192 0.0180491 0.9998134
20.263003 0.0540846 -0.0793325 -0.0587022 0.0068228 -0.0009192 0.0180491 0.9998134
20.529621 0.0540844 -0.0793326 -0.0587018 0.0068228 -0.0009192 0.0180491 0.9998134
20.796251 0.0540845 -0.0793326 -0.0587015 0.0068228 -0.0009192 0.0180491 0.9998134
21.062860 0.0540847 -0.0793326 -0.0587011 0.0068228 -0.0009192 0.0180491 0.9998134
21.329466 0.0540852 -0.0793325 -0.0587008 0.0068228 -0.0009192 0.0180491 0.9998134
21.596104 0.0540859 -0.0793323 -0.0587005 0.0068228 -0.0009192 0.0180491 0.9998134
21.862704 0.0540868 -0.0793321 -0.0587002 0.0068228 -0.0009192 0.0180491 0.9998134
22.129324 0.0540877 -0.0793319 -0.0586999 0.0068228 -0.0009192 0.0180491 0.9998134
22.395960 0.0540886 -0.0793317 -0.0586996 0.0068228 -0.0009192 0.0180491 0.9998134
22.662568 0.0540895 -0.0793316 -0.0586992 0.0068228 -0.0009192 0.0180491 0.9998134
22.929191 0.0540902 -0.0793316 -0.0586988 0.0068228 -0.0009192 0.0180491 0.9998134
23.195793 0.0540907 -0.0793315 -0.0586983 0.0068228 -0.0009192 0.0180491 0.9998134
23.462411 0.0540910 -0.0793315 -0.0586976 0.0068228 -0.0009192 0.0180491 0.9998134
23.729068 0.0540911 -0.0793316 -0.0586967 0.0068228 -0.0009192 0.0180491 0.9998134
23.995659 0.0540910 -0.0793317 -0.0586957 0.0068228 -0.0009192 0.0180491 0.9998134
24.262263 0.0540907 -0.0793319 -0.0586946 0.0068228 -0.0009192 0.0180491 0.9998134
24.528879 0.0540903 -0.0793322 -0.0586934 0.0068228 -0.0009192 0.0180491 0.9998134
24.795503 0.0540899 -0.0793325 -0.0586923 0.0068228 -0.0009192 0.0180491 0.9998134
25.062140 0.0540895 -0.0793328 -0.0586911 0.0068228 -0.0009192 0.0180491 0.9998134
25.328735 0.0540892 -0.0793331 -0.0586899 0.0068228 -0.0009192 0.0180491 0.9998134
25.595364 0.0540890 -0.0793334 -0.0586887 0.0068228 -0.0009192 0.0180491 0.9998134
25.861997 0.0540891 -0.0793336 -0.0586876 0.0068228 -0.0009192 0.0180491 0.9998134
26.128604 0.0540889 -0.0793336 -0.0586865 0.0068228 -0.0009192 0.0180491 0.9998134
26.395222 0.0540885 -0.0793335 -0.0586857 0.0068228 -0.0009192 0.0180491 0.9998134
26.661839 0.0540881 -0.0793333 -0.0586850 0.0068228 -0.0009192 0.0180491 0.9998134
26.928459 0.0540876 -0.0793331 -0.0586844 0.0068228 -0.0009192 0.0180491 0.9998134
27.195066 0.0540872 -0.0793329 -0.0586840 0.0068228 -0.0009192 0.0180491 0.9998134
27.461700 0.0540868 -0.0793327 -0.0586837 0.0068228 -0.0009192 0.0180491 0.9998134
27.728364 0.0540865 -0.0793325 -0.0586833 0.0068228 -0.0009192 0.0180491 0.9998134
27.994917 0.0540864 -0.0793323 -0.0586829 0.0068228 -0.0009192 0.0180491 0.9998134
28.261539 0.0540865 -0.0793321 -0.0586825 0.0068228 -0.0009192 0.0180491 0.9998134
28.528170 0.0540867 -0.0793324 -0.0586820 0.0068228 -0.0009192 0.0180491 0.9998134
28.794793 0.0540872 -0.0793327 -0.0586816 0.0068228 -0.0009192 0.0180491 0.9998134
29.061409 0.0540878 -0.0793331 -0.0586810 0.0068228 -0.0009192 0.0180491 0.9998134
29.328009 0.0540885 -0.0793335 -0.0586805 0.0068228 -0.0009192 0.0180491 0.9998134
29.594629 0.0540893 -0.0793338 -0.0586800 0.0068228 -0.0009192 0.0180491 0.9998134
29.861281 0.0540901 -0.0793340 -0.0586796 0.0068228 -0.0009192 0.0180491 0.9998134
30.127886 0.0540909 -0.0793342 -0.0586794 0.0068228 -0.0009192 0.0180491 0.9998134
30.394499 0.0540915 -0.0793343 -0.0586795 0.0068228 -0.0009192 0.0180491 0.9998134
30.661103 0.0540920 -0.0793342 -0.0586798 0.0068228 -0.0009192 0.0180491 0.9998134
30.927722 0.0540924 -0.0793340 -0.0586802 0.0068228 -0.0009192 0.0180491 0.9998134
31.194341 0.0540928 -0.0793338 -0.0586806 0.0068228 -0.0009192 0.0180491 0.9998134
31.460957 0.0540934 -0.0793334 -0.0586811 0.0068228 -0.0009192 0.0180491 0.9998134
31.727572 0.0540941 -0.0793331 -0.0586816 0.0068228 -0.0009192 0.0180491 0.9998134
31.994202 0.0540949 -0.0793328 -0.0586821 0.0068228 -0.0009192 0.0180491 0.9998134
32.260839 0.0540957 -0.0793324 -0.0586825 0.0068228 -0.0009192 0.0180491 0.9998134
32.527433 0.0540963 -0.0793321 -0.0586829 0.0068228 -0.0009192 0.0180491 0.9998134
32.794056 0.0540967 -0.0793319 -0.0586831 0.0068228 -0.0009192 0.0180491 0.9998134
33.060666 0.0540970 -0.0793316 -0.0586833 0.0068228 -0.0009192 0.0180491 0.9998134
33.327289 0.0540976 -0.0793316 -0.0586834 0.0068228 -0.0009192 0.0180491 0.9998134
33.593900 0.0540984 -0.0793317 -0.0586832 0.0068228 -0.0009192 0.0180491 0.9998134
33.860523 0.0540993 -0.0793319 -0.0586828 0.0068228 -0.0009192 0.0180491 0.9998134
34.127138 0.0541002 -0.0793322 -0.0586823 0.0068228 -0.0009192 0.0180491 0.9998134
34.393757 0.0541012 -0.0793327 -0.0586818 0.0068228 -0.0009192 0.0180491 0.9998134
34.660376 0.0541020 -0.0793331 -0.0586813 0.0068228 -0.0009192 0.0180491 0.9998134
34.926999 0.0541028 -0.0793336 -0.0586808 0.0068228 -0.0009192 0.0180491 0.9998134
35.193608 0.0541033 -0.0793340 -0.0586803 0.0068228 -0.0009192 0.0180491 0.9998134
35.460256 0.0541037 -0.0793344 -0.0586797 0.0068228 -0.0009192 0.0180491 0.9998134
35.726870 0.0541038 -0.0793348 -0.0586791 0.0068228 -0.0009192 0.0180491 0.9998134
35.993469 0.0541037 -0.0793351 -0.0586786 0.0068228 -0.0009192 0.0180491 0.9998134
36.260094 0.0541035 -0.0793353 -0.0586780 0.0068228 -0.0009192 0.0180491 0.9998134
36.526721 0.0541030 -0.0793353 -0.0586774 0.0068228 -0.0009192 0.0180491 0.9998134
36.793338 0.0541025 -0.0793351 -0.0586768 0.0068228 -0.0009192 0.0180491 0.9998134
37.059974 0.0541020 -0.0793347 -0.0586761 0.0068228 -0.0009192 0.0180491 0.9998134
37.326597 0.0541014 -0.0793342 -0.0586756 0.0068228 -0.0009192 0.0180491 0.9998134
37.593171 0.0541010 -0.0793337 -0.0586748 0.0068228 -0.0009192 0.0180491 0.9998134
37.859801 0.0541007 -0.0793330 -0.0586740 0.0068228 -0.0009192 0.0180491 0.9998134
38.126429 0.0541006 -0.0793324 -0.0586730 0.0068228 -0.0009192 0.0180491 0.9998134
38.393038 0.0541006 -0.0793318 -0.0586719 0.0068228 -0.0009192 0.0180491 0.9998134
38.659654 0.0541004 -0.0793314 -0.0586707 0.0068228 -0.0009192 0.0180491 0.9998134
38.926268 0.0541000 -0.0793312 -0.0586694 0.0068228 -0.0009192 0.0180491 0.9998134
39.192880 0.0540996 -0.0793313 -0.0586681 0.0068228 -0.0009192 0.0180491 0.9998134
39.459507 0.0540992 -0.0793316 -0.0586669 0.0068228 -0.0009192 0.0180491 0.9998134
39.726122 0.0540988 -0.0793321 -0.0586656 0.0068228 -0.0009192 0.0180491 0.9998134
39.992743 0.0540986 -0.0793328 -0.0586643 0.0068228 -0.0009192 0.0180491 0.9998134
40.259362 0.0540986 -0.0793336 -0.0586632 0.0068228 -0.0009192 0.0180491 0.9998134
40.525988 0.0540987 -0.0793345 -0.0586621 0.0068228 -0.0009192 0.0180491 0.9998134
40.792594 0.0540986 -0.0793352 -0.0586611 0.0068228 -0.0009192 0.0180491 0.9998134
41.059231 0.0540983 -0.0793359 -0.0586602 0.0068228 -0.0009192 0.0180491 0.9998134
41.325835 0.0540980 -0.0793365 -0.0586594 0.0068228 -0.0009192 0.0180491 0.9998134
41.592447 0.0540976 -0.0793368 -0.0586587 0.0068228 -0.0009192 0.0180491 0.9998134
41.859062 0.0540971 -0.0793369 -0.0586581 0.0068228 -0.0009192 0.0180491 0.9998134
42.125685 0.0540967 -0.0793367 -0.0586576 0.0068228 -0.0009192 0.0180491 0.9998134
42.392295 0.0540963 -0.0793362 -0.0586571 0.0068228 -0.0009192 0.0180491 0.9998134
42.658947 0.0540961 -0.0793355 -0.0586566 0.0068228 -0.0009192 0.0180491 0.9998134
42.925585 0.0540960 -0.0793347 -0.0586560 0.0068228 -0.0009192 0.0180491 0.9998134
43.192163 0.0540962 -0.0793337 -0.0586554 0.0068228 -0.0009192 0.0180491 0.9998134
43.458772 0.0540966 -0.0793327 -0.0586548 0.0068228 -0.0009192 0.0180491 0.9998134
43.725390 0.0540972 -0.0793319 -0.0586542 0.0068228 -0.0009192 0.0180491 0.9998134
43.992023 0.0540980 -0.0793313 -0.0586535 0.0068228 -0.0009192 0.0180491 0.9998134
44.258650 0.0540989 -0.0793310 -0.0586528 0.0068228 -0.0009192 0.0180491 0.9998134
44.525256 0.0540999 -0.0793307 -0.0586521 0.0068228 -0.0009192 0.0180491 0.9998134
44.791865 0.0541009 -0.0793302 -0.0586515 0.0068228 -0.0009192 0.0180491 0.9998134
45.058478 0.0541017 -0.0793297 -0.0586511 0.0068228 -0.0009192 0.0180491 0.9998134
45.325116 0.0541025 -0.0793292 -0.0586509 0.0068228 -0.0009192 0.0180491 0.9998134
45.591721 0.0541031 -0.0793287 -0.0586507 0.0068228 -0.0009192 0.0180491 0.9998134
45.858336 0.0541035 -0.0793283 -0.0586506 0.0068228 -0.0009192 0.0180491 0.9998134
46.124949 0.0541042 -0.0793280 -0.0586506 0.0068228 -0.0009192 0.0180491 0.9998134
46.391574 0.0541051 -0.0793274 -0.0586507 0.0068228 -0.0009192 0.0180491 0.9998134
46.658197 0.0541059 -0.0793265 -0.0586508 0.0068228 -0.0009192 0.0180491 0.9998134
46.924888 0.0541068 -0.0793254 -0.0586509 0.0068228 -0.0009192 0.0180491 0.9998134
47.191430 0.0541076 -0.0793242 -0.0586509 0.0068228 -0.0009192 0.0180491 0.9998134
47.458044 0.0541083 -0.0793230 -0.0586509 0.0068228 -0.0009192 0.0180491 0.9998134
47.724669 0.0541088 -0.0793219 -0.0586509 0.0068228 -0.0009192 0.0180491 0.9998134
47.991279 0.0541095 -0.0793212 -0.0586509 0.0068228 -0.0009192 0.0180491 0.9998134
48.257897 0.0541103 -0.0793209 -0.0586507 0.0068228 -0.0009192 0.0180491 0.9998134
48.524515 0.0541112 -0.0793206 -0.0586505 0.0068228 -0.0009192 0.0180491 0.9998134
48.791140 0.0541121 -0.0793202 -0.0586501 0.0068228 -0.0009192 0.0180491 0.9998134
49.057764 0.0541130 -0.0793199 -0.0586496 0.0068228 -0.0009192 0.0180491 0.9998134
49.324370 0.0541138 -0.0793196 -0.0586489 0.0068228 -0.0009192 0.0180491 0.9998134
49.590993 0.0541144 -0.0793193 -0.0586480 0.0068228 -0.0009192 0.0180491 0.9998134
49.857671 0.0541149 -0.0793190 -0.0586471 0.0068228 -0.0009192 0.0180491 0.9998134
50.124256 0.0541151 -0.0793188 -0.0586463 0.0068228 -0.0009192 0.0180491 0.9998134
50.390850 0.0541151 -0.0793186 -0.0586455 0.0068228 -0.0009192 0.0180491 0.9998134
50.657493 0.0541149 -0.0793186 -0.0586444 0.0068228 -0.0009192 0.0180491 0.9998134
50.924076 0.0541146 -0.0793184 -0.0586431 0.0068228 -0.0009192 0.0180491 0.9998134
51.190698 0.0541143 -0.0793177 -0.0586417 0.0068228 -0.0009192 0.0180491 0.9998134
51.457312 0.0541139 -0.0793167 -0.0586402 0.0068228 -0.0009192 0.0180491 0.9998134
51.723956 0.0541137 -0.0793155 -0.0586385 0.0068228 -0.0009192 0.0180491 0.9998134
51.990551 0.0541136 -0.0793142 -0.0586368 0.0068228 -0.0009192 0.0180491 0.9998134
52.257172 0.0541136 -0.0793130 -0.0586351 0.0068228 -0.0009192 0.0180491 0.9998134
52.523793 0.0541134 -0.0793121 -0.0586333 0.0068228 -0.0009192 0.0180491 0.9998134
52.790412 0.0541133 -0.0793115 -0.0586317 0.0068228 -0.0009192 0.0180491 0.9998134
53.057026 0.0541131 -0.0793108 -0.0586301 0.0068228 -0.0009192 0.0180491 0.9998134
53.323645 0.0541129 -0.0793100 -0.0586286 0.0068228 -0.0009192 0.0180491 0.9998134
53.590261 0.0541127 -0.0793093 -0.0586272 0.0068228 -0.0009192 0.0180491 0.9998134
53.856886 0.0541125 -0.0793085 -0.0586261 0.0068228 -0.0009192 0.0180491 0.9998134
54.123499 0.0541123 -0.0793074 -0.0586251 0.0068228 -0.0009192 0.0180491 0.9998134
54.390115 0.0541122 -0.0793061 -0.0586243 0.0068228 -0.0009192 0.0180491 0.9998134
54.656729 0.0541120 -0.0793049 -0.0586235 0.0068228 -0.0009192 0.0180491 0.9998134
54.923367 0.0541119 -0.0793036 -0.0586227 0.0068228 -0.0009192 0.0180491 0.9998134
55.189974 0.0541117 -0.0793026 -0.0586219 0.0068228 -0.0009192 0.0180491 0.9998134
55.456614 0.0541113 -0.0793019 -0.0586211 0.0068228 -0.0009192 0.0180491 0.9998134
55.723200 0.0541109 -0.0793010 -0.0586201 0.0068228 -0.0009192 0.0180491 0.9998134
55.989830 0.0541104 -0.0793000 -0.0586190 0.0068228 -0.0009192 0.0180491 0.9998134
56.256441 0.0541099 -0.0792992 -0.0586177 0.0068228 -0.0009192 0.0180491 0.9998134
56.523056 0.0541096 -0.0792981 -0.0586163 0.0068228 -0.0009192 0.0180491 0.9998134
56.789673 0.0541092 -0.0792968 -0.0586148 0.0068228 -0.0009192 0.0180491 0.9998134
57.056296 0.0541089 -0.0792955 -0.0586133 0.0068228 -0.0009192 0.0180491 0.9998134
57.322962 0.0541086 -0.0792942 -0.0586117 0.0068228 -0.0009192 0.0180491 0.9998134
57.589536 0.0541082 -0.0792933 -0.0586102 0.0068228 -0.0009192 0.0180491 0.9998134
57.856145 0.0541078 -0.0792924 -0.0586087 0.0068228 -0.0009192 0.0180491 0.9998134
58.122809 0.0541075 -0.0792914 -0.0586073 0.0068228 -0.0009192 0.0180491 0.9998134
58.389382 0.0541072 -0.0792905 -0.0586061 0.0068228 -0.0009192 0.0180491 0.9998134
58.656002 0.0541070 -0.0792896 -0.0586051 0.0068228 -0.0009192 0.0180491 0.9998134
58.922632 0.0541068 -0.0792886 -0.0586042 0.0068228 -0.0009192 0.0180491 0.9998134
59.189242 0.0541067 -0.0792874 -0.0586034 0.0068228 -0.0009192 0.0180491 0.9998134
59.455870 0.0541065 -0.0792861 -0.0586026 0.0068228 -0.0009192 0.0180491 0.9998134
59.722503 0.0541061 -0.0792848 -0.0586018 0.0068228 -0.0009192 0.0180491 0.9998134
59.989096 0.0541057 -0.0792837 -0.0586008 0.0068228 -0.0009192 0.0180491 0.9998134
60.255714 0.0541052 -0.0792827 -0.0585997 0.0068228 -0.0009192 0.0180491 0.9998134
60.522334 0.0541048 -0.0792814 -0.0585985 0.0068228 -0.0009192 0.0180491 0.9998134
60.788945 0.0541045 -0.0792804 -0.0585972 0.0068228 -0.0009192 0.0180491 0.9998134
61.055579 0.0541041 -0.0792792 -0.0585957 0.0068228 -0.0009192 0.0180491 0.9998134
61.322201 0.0541037 -0.0792778 -0.0585943 0.0068228 -0.0009192 0.0180491 0.9998134
61.588802 0.0541033 -0.0792763 -0.0585928 0.0068228 -0.0009192 0.0180491 0.9998134
61.855425 0.0541027 -0.0792749 -0.0585914 0.0068228 -0.0009192 0.0180491 0.9998134
62.122035 0.0541022 -0.0792736 -0.0585900 0.0068228 -0.0009192 0.0180491 0.9998134
62.388654 0.0541017 -0.0792723 -0.0585886 0.0068228 -0.0009192 0.0180491 0.9998134
62.655309 0.0541011 -0.0792711 -0.0585875 0.0068228 -0.0009192 0.0180491 0.9998134
62.921906 0.0541006 -0.0792699 -0.0585864 0.0068228 -0.0009192 0.0180491 0.9998134
63.188512 0.0541001 -0.0792685 -0.0585855 0.0068228 -0.0009192 0.0180491 0.9998134
63.455125 0.0540995 -0.0792670 -0.0585846 0.0068228 -0.0009192 0.0180491 0.9998134
63.721749 0.0540989 -0.0792655 -0.0585836 0.0068228 -0.0009192 0.0180491 0.9998134
63.988392 0.0540984 -0.0792643 -0.0585824 0.0068228 -0.0009192 0.0180491 0.9998134
64.254979 0.0540979 -0.0792629 -0.0585810 0.0068228 -0.0009192 0.0180491 0.9998134
64.521598 0.0540975 -0.0792616 -0.0585796 0.0068228 -0.0009192 0.0180491 0.9998134
64.788215 0.0540971 -0.0792604 -0.0585781 0.0068228 -0.0009192 0.0180491 0.9998134
65.054839 0.0540966 -0.0792591 -0.0585766 0.0068228 -0.0009192 0.0180491 0.9998134
65.321452 0.0540962 -0.0792576 -0.0585751 0.0068228 -0.0009192 0.0180491 0.9998134
65.588069 0.0540958 -0.0792562 -0.0585736 0.0068228 -0.0009192 0.0180491 0.9998134
65.854693 0.0540952 -0.0792550 -0.0585723 0.0068228 -0.0009192 0.0180491 0.9998134
66.121313 0.0540947 -0.0792537 -0.0585710 0.0068228 -0.0009192 0.0180491 0.9998134
66.387945 0.0540942 -0.0792524 -0.0585700 0.0068228 -0.0009192 0.0180491 0.9998134
66.654540 0.0540938 -0.0792513 -0.0585691 0.0068228 -0.0009192 0.0180491 0.9998134
66.921160 0.0540934 -0.0792500 -0.0585685 0.0068228 -0.0009192 0.0180491 0.9998134
67.187787 0.0540930 -0.0792485 -0.0585677 0.0068228 -0.0009192 0.0180491 0.9998134
67.454422 0.0540926 -0.0792471 -0.0585666 0.0068228 -0.0009192 0.0180491 0.9998134
67.721012 0.0540921 -0.0792458 -0.0585654 0.0068228 -0.0009192 0.0180491 0.9998134
67.987640 0.0540916 -0.0792445 -0.0585640 0.0068228 -0.0009192 0.0180491 0.9998134
68.254254 0.0540911 -0.0792432 -0.0585626 0.0068228 -0.0009192 0.0180491 0.9998134
68.520865 0.0540908 -0.0792420 -0.0585610 0.0068228 -0.0009192 0.0180491 0.9998134
68.787494 0.0540904 -0.0792408 -0.0585595 0.0068228 -0.0009192 0.0180491 0.9998134
69.054108 0.0540900 -0.0792394 -0.0585579 0.0068228 -0.0009192 0.0180491 0.9998134
69.320816 0.0540895 -0.0792381 -0.0585564 0.0068228 -0.0009192 0.0180491 0.9998134
69.587346 0.0540889 -0.0792369 -0.0585550 0.0068228 -0.0009192 0.0180491 0.9998134
69.853963 0.0540884 -0.0792357 -0.0585537 0.0068228 -0.0009192 0.0180491 0.9998134
70.120573 0.0540881 -0.0792344 -0.0585525 0.0068228 -0.0009192 0.0180491 0.9998134
70.387204 0.0540878 -0.0792331 -0.0585515 0.0068228 -0.0009192 0.0180491 0.9998134
70.653813 0.0540875 -0.0792319 -0.0585507 0.0068228 -0.0009192 0.0180491 0.9998134
70.920436 0.0540872 -0.0792306 -0.0585499 0.0068228 -0.0009192 0.0180491 0.9998134
71.187061 0.0540867 -0.0792291 -0.0585489 0.0068228 -0.0009192 0.0180491 0.9998134
71.453677 0.0540862 -0.0792277 -0.0585477 0.0068228 -0.0009192 0.0180491 0.9998134
71.720281 0.0540858 -0.0792265 -0.0585464 0.0068228 -0.0009192 0.0180491 0.9998134
71.986901 0.0540854 -0.0792250 -0.0585449 0.0068228 -0.0009192 0.0180491 0.9998134
72.253526 0.0540851 -0.0792236 -0.0585435 0.0068228 -0.0009192 0.0180491 0.9998134
72.520142 0.0540849 -0.0792222 -0.0585419 0.0068228 -0.0009192 0.0180491 0.9998134
72.786770 0.0540846 -0.0792207 -0.0585404 0.0068228 -0.0009192 0.0180491 0.9998134
73.053375 0.0540842 -0.0792192 -0.0585389 0.0068228 -0.0009192 0.0180491 0.9998134
73.319992 0.0540837 -0.0792178 -0.0585374 0.0068228 -0.0009192 0.0180491 0.9998134
73.586607 0.0540832 -0.0792164 -0.0585360 0.0068228 -0.0009192 0.0180491 0.9998134
73.853242 0.0540828 -0.0792150 -0.0585348 0.0068228 -0.0009192 0.0180491 0.9998134
74.119847 0.0540826 -0.0792136 -0.0585338 0.0068228 -0.0009192 0.0180491 0.9998134
74.386463 0.0540824 -0.0792123 -0.0585330 0.0068228 -0.0009192 0.0180491 0.9998134
74.653101 0.0540820 -0.0792108 -0.0585322 0.0068228 -0.0009192 0.0180491 0.9998134
74.919728 0.0540815 -0.0792094 -0.0585315 0.0068228 -0.0009192 0.0180491 0.9998134
75.186321 0.0540809 -0.0792079 -0.0585307 0.0068228 -0.0009192 0.0180491 0.9998134
75.452939 0.0540802 -0.0792063 -0.0585296 0.0068228 -0.0009192 0.0180491 0.9998134
75.719574 0.0540796 -0.0792046 -0.0585285 0.0068228 -0.0009192 0.0180491 0.9998134
75.986168 0.0540791 -0.0792030 -0.0585272 0.0068228 -0.0009192 0.0180491 0.9998134
76.252817 0.0540786 -0.0792014 -0.0585259 0.0068228 -0.0009192 0.0180491 0.9998134
76.519417 0.0540780 -0.0791997 -0.0585246 0.0068228 -0.0009192 0.0180491 0.9998134
76.786054 0.0540773 -0.0791981 -0.0585232 0.0068228 -0.0009192 0.0180491 0.9998134
77.052641 0.0540766 -0.0791964 -0.0585219 0.0068228 -0.0009192 0.0180491 0.9998134
77.319259 0.0540761 -0.0791946 -0.0585208 0.0068228 -0.0009192 0.0180491 0.9998134
77.585877 0.0540757 -0.0791930 -0.0585197 0.0068228 -0.0009192 0.0180491 0.9998134
77.852511 0.0540754 -0.0791913 -0.0585188 0.0068228 -0.0009192 0.0180491 0.9998134
78.119112 0.0540750 -0.0791896 -0.0585180 0.0068228 -0.0009192 0.0180491 0.9998134
78.385738 0.0540744 -0.0791878 -0.0585173 0.0068228 -0.0009192 0.0180491 0.9998134
78.652407 0.0540737 -0.0791858 -0.0585165 0.0068228 -0.0009192 0.0180491 0.9998134
78.918970 0.0540730 -0.0791840 -0.0585156 0.0068228 -0.0009192 0.0180491 0.9998134
79.185591 0.0540724 -0.0791822 -0.0585145 0.0068228 -0.0009192 0.0180491 0.9998134
79.452200 0.0540719 -0.0791803 -0.0585134 0.0068228 -0.0009192 0.0180491 0.9998134
79.718826 0.0540714 -0.0791785 -0.0585122 0.0068228 -0.0009192 0.0180491 0.9998134
79.985449 0.0540707 -0.0791765 -0.0585110 0.0068228 -0.0009192 0.0180491 0.9998134
80.252055 0.0540700 -0.0791746 -0.0585098 0.0068228 -0.0009192 0.0180491 0.9998134
80.518680 0.0540692 -0.0791727 -0.0585087 0.0068228 -0.0009192 0.0180491 0.9998134
80.785355 0.0540686 -0.0791708 -0.0585077 0.0068228 -0.0009192 0.0180491 0.9998134
81.051915 0.0540680 -0.0791689 -0.0585068 0.0068228 -0.0009192 0.0180491 0.9998134
81.318533 0.0540674 -0.0791669 -0.0585060 0.0068228 -0.0009192 0.0180491 0.9998134
81.585158 0.0540669 -0.0791649 -0.0585052 0.0068228 -0.0009192 0.0180491 0.9998134
81.851766 0.0540662 -0.0791632 -0.0585045 0.0068228 -0.0009192 0.0180491 0.9998134
82.118428 0.0540655 -0.0791615 -0.0585037 0.0068228 -0.0009192 0.0180491 0.9998134
82.385024 0.0540649 -0.0791598 -0.0585028 0.0068228 -0.0009192 0.0180491 0.9998134
82.651617 0.0540643 -0.0791580 -0.0585018 0.0068228 -0.0009192 0.0180491 0.9998134
82.918238 0.0540637 -0.0791560 -0.0585006 0.0068228 -0.0009192 0.0180491 0.9998134
83.184868 0.0540632 -0.0791542 -0.0584995 0.0068228 -0.0009192 0.0180491 0.9998134
83.451481 0.0540625 -0.0791525 -0.0584984 0.0068228 -0.0009192 0.0180491 0.9998134
83.718088 0.0540618 -0.0791509 -0.0584973 0.0068228 -0.0009192 0.0180491 0.9998134
83.984708 0.0540611 -0.0791493 -0.0584963 0.0068228 -0.0009192 0.0180491 0.9998134
84.251331 0.0540605 -0.0791475 -0.0584954 0.0068228 -0.0009192 0.0180491 0.9998134
84.517982 0.0540598 -0.0791458 -0.0584947 0.0068228 -0.0009192 0.0180491 0.9998134
84.784602 0.0540592 -0.0791442 -0.0584939 0.0068228 -0.0009192 0.0180491 0.9998134
85.051190 0.0540587 -0.0791426 -0.0584931 0.0068228 -0.0009192 0.0180491 0.9998134
85.317839 0.0540579 -0.0791410 -0.0584924 0.0068228 -0.0009192 0.0180491 0.9998134
85.584415 0.0540572 -0.0791394 -0.0584916 0.0068228 -0.0009192 0.0180491 0.9998134
85.851056 0.0540565 -0.0791375 -0.0584907 0.0068228 -0.0009192 0.0180491 0.9998134
86.117707 0.0540559 -0.0791357 -0.0584897 0.0068228 -0.0009192 0.0180491 0.9998134
86.384304 0.0540553 -0.0791340 -0.0584886 0.0068228 -0.0009192 0.0180491 0.9998134
86.650887 0.0540549 -0.0791324 -0.0584875 0.0068228 -0.0009192 0.0180491 0.9998134
86.917503 0.0540543 -0.0791308 -0.0584864 0.0068228 -0.0009192 0.0180491 0.9998134
87.184152 0.0540537 -0.0791291 -0.0584854 0.0068228 -0.0009192 0.0180491 0.9998134
87.450835 0.0540532 -0.0791272 -0.0584844 0.0068228 -0.0009192 0.0180491 0.9998134
87.717355 0.0540526 -0.0791254 -0.0584836 0.0068228 -0.0009192 0.0180491 0.9998134
87.983991 0.0540519 -0.0791239 -0.0584829 0.0068228 -0.0009192 0.0180491 0.9998134
88.250595 0.0540513 -0.0791222 -0.0584821 0.0068228 -0.0009192 0.0180491 0.9998134
88.517215 0.0540506 -0.0791207 -0.0584814 0.0068228 -0.0009192 0.0180491 0.9998134
88.783839 0.0540498 -0.0791189 -0.0584806 0.0068228 -0.0009192 0.0180491 0.9998134
89.050451 0.0540491 -0.0791170 -0.0584799 0.0068228 -0.0009192 0.0180491 0.9998134
89.317069 0.0540484 -0.0791152 -0.0584791 0.0068228 -0.0009192 0.0180491 0.9998134
89.583726 0.0540475 -0.0791137 -0.0584782 0.0068228 -0.0009192 0.0180491 0.9998134
89.850312 0.0540467 -0.0791121 -0.0584772 0.0068228 -0.0009192 0.0180491 0.9998134
90.116945 0.0540459 -0.0791106 -0.0584761 0.0068228 -0.0009192 0.0180491 0.9998134
90.383535 0.0540450 -0.0791089 -0.0584751 0.0068228 -0.0009192 0.0180491 0.9998134
90.650156 0.0540440 -0.0791071 -0.0584741 0.0068228 -0.0009192 0.0180491 0.9998134
90.916787 0.0540430 -0.0791055 -0.0584733 0.0068228 -0.0009192 0.0180491 0.9998134
91.183396 0.0540421 -0.0791041 -0.0584724 0.0068228 -0.0009192 0.0180491 0.9998134
91.450006 0.0540412 -0.0791027 -0.0584714 0.0068228 -0.0009192 0.0180491 0.9998134
91.716631 0.0540404 -0.0791013 -0.0584705 0.0068228 -0.0009192 0.0180491 0.9998134
91.983242 0.0540395 -0.0790997 -0.0584696 0.0068228 -0.0009192 0.0180491 0.9998134
92.249860 0.0540386 -0.0790979 -0.0584687 0.0068228 -0.0009192 0.0180491 0.9998134
92.516506 0.0540378 -0.0790963 -0.0584676 0.0068228 -0.0009192 0.0180491 0.9998134
92.783377 0.0540372 -0.0790949 -0.0584666 0.0068228 -0.0009192 0.0180491 0.9998134
93.049740 0.0540364 -0.0790936 -0.0584655 0.0068228 -0.0009192 0.0180491 0.9998134
93.316338 0.0540356 -0.0790923 -0.0584644 0.0068228 -0.0009192 0.0180491 0.9998134
93.582952 0.0540348 -0.0790908 -0.0584635 0.0068228 -0.0009192 0.0180491 0.9998134
93.849606 0.0540341 -0.0790890 -0.0584626 0.0068228 -0.0009192 0.0180491 0.9998134
94.116190 0.0540336 -0.0790873 -0.0584616 0.0068228 -0.0009192 0.0180491 0.9998134
94.382842 0.0540331 -0.0790856 -0.0584606 0.0068228 -0.0009192 0.0180491 0.9998134
94.649427 0.0540326 -0.0790842 -0.0584595 0.0068228 -0.0009192 0.0180491 0.9998134
94.916038 0.0540319 -0.0790829 -0.0584586 0.0068228 -0.0009192 0.0180491 0.9998134
95.182686 0.0540311 -0.0790814 -0.0584577 0.0068228 -0.0009192 0.0180491 0.9998134
95.449280 0.0540305 -0.0790797 -0.0584568 0.0068228 -0.0009192 0.0180491 0.9998134
95.715898 0.0540300 -0.0790778 -0.0584558 0.0068228 -0.0009192 0.0180491 0.9998134
95.982509 0.0540296 -0.0790761 -0.0584548 0.0068228 -0.0009192 0.0180491 0.9998134
96.249133 0.0540291 -0.0790745 -0.0584537 0.0068228 -0.0009192 0.0180491 0.9998134
96.515749 0.0540285 -0.0790730 -0.0584526 0.0068228 -0.0009192 0.0180491 0.9998134
96.782435 0.0540279 -0.0790713 -0.0584515 0.0068228 -0.0009192 0.0180491 0.9998134
97.049020 0.0540272 -0.0790693 -0.0584505 0.0068228 -0.0009192 0.0180491 0.9998134
97.315648 0.0540265 -0.0790674 -0.0584495 0.0068228 -0.0009192 0.0180491 0.9998134
97.582223 0.0540260 -0.0790656 -0.0584484 0.0068228 -0.0009192 0.0180491 0.9998134
97.848834 0.0540256 -0.0790640 -0.0584473 0.0068228 -0.0009192 0.0180491 0.9998134
98.115452 0.0540250 -0.0790621 -0.0584462 0.0068228 -0.0009192 0.0180491 0.9998134
98.382078 0.0540243 -0.0790600 -0.0584450 0.0068228 -0.0009192 0.0180491 0.9998134
98.648695 0.0540236 -0.0790579 -0.0584441 0.0068228 -0.0009192 0.0180491 0.9998134
98.915305 0.0540230 -0.0790559 -0.0584431 0.0068228 -0.0009192 0.0180491 0.9998134
99.181934 0.0540225 -0.0790541 -0.0584421 0.0068228 -0.0009192 0.0180491 0.9998134
99.448568 0.0540221 -0.0790521 -0.0584410 0.0068228 -0.0009192 0.0180491 0.9998134
99.715159 0.0540217 -0.0790499 -0.0584399 0.0068228 -0.0009192 0.0180491 0.9998134
99.981782 0.0540211 -0.0790475 -0.0584389 0.0068228 -0.0009192 0.0180491 0.9998134
100.248400 0.0540204 -0.0790454 -0.0584379 0.0068228 -0.0009192 0.0180491 0.9998134
100.515046 0.0540198 -0.0790434 -0.0584370 0.0068228 -0.0009192 0.0180491 0.9998134
100.781637 0.0540191 -0.0790410 -0.0584361 0.0068228 -0.0009192 0.0180491 0.9998134
101.048257 0.0540186 -0.0790385 -0.0584351 0.0068228 -0.0009192 0.0180491 0.9998134
101.314901 0.0540181 -0.0790362 -0.0584342 0.0068228 -0.0009192 0.0180491 0.9998134
101.581483 0.0540176 -0.0790340 -0.0584333 0.0068228 -0.0009192 0.0180491 0.9998134
101.848101 0.0540169 -0.0790317 -0.0584325 0.0068228 -0.0009192 0.0180491 0.9998134
102.114719 0.0540163 -0.0790294 -0.0584319 0.0068228 -0.0009192 0.0180491 0.9998134
102.381355 0.0540157 -0.0790271 -0.0584314 0.0068228 -0.0009192 0.0180491 0.9998134
102.647954 0.0540151 -0.0790249 -0.0584306 0.0068228 -0.0009192 0.0180491 0.9998134
102.914575 0.0540146 -0.0790227 -0.0584297 0.0068228 -0.0009192 0.0180491 0.9998134
103.181200 0.0540141 -0.0790204 -0.0584289 0.0068228 -0.0009192 0.0180491 0.9998134
103.447812 0.0540136 -0.0790180 -0.0584281 0.0068228 -0.0009192 0.0180491 0.9998134
103.714431 0.0540131 -0.0790160 -0.0584273 0.0068228 -0.0009192 0.0180491 0.9998134
103.981050 0.0540125 -0.0790140 -0.0584265 0.0068228 -0.0009192 0.0180491 0.9998134
104.247683 0.0540119 -0.0790117 -0.0584256 0.0068228 -0.0009192 0.0180491 0.9998134
104.514299 0.0540112 -0.0790093 -0.0584248 0.0068228 -0.0009192 0.0180491 0.9998134
104.780919 0.0540105 -0.0790071 -0.0584238 0.0068228 -0.0009192 0.0180491 0.9998134
105.047539 0.0540098 -0.0790052 -0.0584229 0.0068228 -0.0009192 0.0180491 0.9998134
105.314149 0.0540090 -0.0790031 -0.0584220 0.0068228 -0.0009192 0.0180491 0.9998134
105.580766 0.0540083 -0.0790008 -0.0584212 0.0068228 -0.0009192 0.0180491 0.9998134
105.847371 0.0540075 -0.0789985 -0.0584206 0.0068228 -0.0009192 0.0180491 0.9998134
106.113987 0.0540068 -0.0789964 -0.0584200 0.0068228 -0.0009192 0.0180491 0.9998134
106.380609 0.0540061 -0.0789945 -0.0584193 0.0068228 -0.0009192 0.0180491 0.9998134
106.647223 0.0540054 -0.0789922 -0.0584187 0.0068228 -0.0009192 0.0180491 0.9998134
106.913841 0.0540047 -0.0789898 -0.0584182 0.0068228 -0.0009192 0.0180491 0.9998134
107.180466 0.0540042 -0.0789876 -0.0584176 0.0068228 -0.0009192 0.0180491 0.9998134
107.447081 0.0540037 -0.0789856 -0.0584168 0.0068228 -0.0009192 0.0180491 0.9998134
107.713705 0.0540031 -0.0789833 -0.0584158 0.0068228 -0.0009192 0.0180491 0.9998134
107.980322 0.0540026 -0.0789809 -0.0584148 0.0068228 -0.0009192 0.0180491 0.9998134
108.246942 0.0540019 -0.0789784 -0.0584138 0.0068228 -0.0009192 0.0180491 0.9998134
108.513547 0.0540012 -0.0789762 -0.0584128 0.0068228 -0.0009192 0.0180491 0.9998134
108.780171 0.0540005 -0.0789739 -0.0584118 0.0068228 -0.0009192 0.0180491 0.9998134
109.046795 0.0540000 -0.0789714 -0.0584108 0.0068228 -0.0009192 0.0180491 0.9998134
109.313407 0.0539996 -0.0789688 -0.0584101 0.0068228 -0.0009192 0.0180491 0.9998134
109.580028 0.0539992 -0.0789666 -0.0584094 0.0068228 -0.0009192 0.0180491 0.9998134
109.846640 0.0539987 -0.0789643 -0.0584087 0.0068228 -0.0009192 0.0180491 0.9998134
110.113274 0.0539982 -0.0789618 -0.0584080 0.0068228 -0.0009192 0.0180491 0.9998134
110.379886 0.0539975 -0.0789593 -0.0584072 0.0068228 -0.0009192 0.0180491 0.9998134
110.646505 0.0539968 -0.0789571 -0.0584063 0.0068228 -0.0009192 0.0180491 0.9998134
110.913111 0.0539961 -0.0789549 -0.0584052 0.0068228 -0.0009192 0.0180491 0.9998134
111.179758 0.0539955 -0.0789525 -0.0584041 0.0068228 -0.0009192 0.0180491 0.9998134
111.446342 0.0539950 -0.0789499 -0.0584029 0.0068228 -0.0009192 0.0180491 0.9998134
111.712994 0.0539944 -0.0789474 -0.0584018 0.0068228 -0.0009192 0.0180491 0.9998134
111.979587 0.0539936 -0.0789452 -0.0584006 0.0068228 -0.0009192 0.0180491 0.9998134
112.246205 0.0539929 -0.0789426 -0.0583995 0.0068228 -0.0009192 0.0180491 0.9998134
112.512837 0.0539922 -0.0789400 -0.0583985 0.0068228 -0.0009192 0.0180491 0.9998134
112.779434 0.0539916 -0.0789376 -0.0583977 0.0068228 -0.0009192 0.0180491 0.9998134
113.046061 0.0539911 -0.0789354 -0.0583969 0.0068228 -0.0009192 0.0180491 0.9998134
113.312666 0.0539904 -0.0789330 -0.0583961 0.0068228 -0.0009192 0.0180491 0.9998134
113.579296 0.0539896 -0.0789305 -0.0583951 0.0068228 -0.0009192 0.0180491 0.9998134
113.845917 0.0539888 -0.0789282 -0.0583940 0.0068228 -0.0009192 0.0180491 0.9998134
114.112533 0.0539880 -0.0789262 -0.0583927 0.0068228 -0.0009192 0.0180491 0.9998134
114.379144 0.0539874 -0.0789239 -0.0583913 0.0068228 -0.0009192 0.0180491 0.9998134
114.645753 0.0539867 -0.0789215 -0.0583899 0.0068228 -0.0009192 0.0180491 0.9998134
114.912376 0.0539859 -0.0789192 -0.0583886 0.0068228 -0.0009192 0.0180491 0.9998134
115.178995 0.0539850 -0.0789172 -0.0583874 0.0068228 -0.0009192 0.0180491 0.9998134
115.445610 0.0539843 -0.0789151 -0.0583863 0.0068228 -0.0009192 0.0180491 0.9998134
115.712227 0.0539836 -0.0789127 -0.0583854 0.0068228 -0.0009192 0.0180491 0.9998134
115.978841 0.0539829 -0.0789103 -0.0583845 0.0068228 -0.0009192 0.0180491 0.9998134
116.245492 0.0539820 -0.0789081 -0.0583833 0.0068228 -0.0009192 0.0180491 0.9998134
116.512075 0.0539811 -0.0789061 -0.0583820 0.0068228 -0.0009192 0.0180491 0.9998134
116.778703 0.0539803 -0.0789037 -0.0583807 0.0068228 -0.0009192 0.0180491 0.9998134
117.045320 0.0539796 -0.0789013 -0.0583793 0.0068228 -0.0009192 0.0180491 0.9998134
117.311990 0.0539790 -0.0788991 -0.0583780 0.0068228 -0.0009192 0.0180491 0.9998134
117.578572 0.0539783 -0.0788971 -0.0583767 0.0068228 -0.0009192 0.0180491 0.9998134
117.845179 0.0539775 -0.0788948 -0.0583756 0.0068228 -0.0009192 0.0180491 0.9998134
118.111791 0.0539768 -0.0788924 -0.0583746 0.0068228 -0.0009192 0.0180491 0.9998134
118.378408 0.0539761 -0.0788900 -0.0583739 0.0068228 -0.0009192 0.0180491 0.9998134
118.645020 0.0539753 -0.0788879 -0.0583733 0.0068228 -0.0009192 0.0180491 0.9998134
118.911641 0.0539745 -0.0788857 -0.0583726 0.0068228 -0.0009192 0.0180491 0.9998134
119.178264 0.0539737 -0.0788833 -0.0583718 0.0068228 -0.0009192 0.0180491 0.9998134
119.444883 0.0539728 -0.0788809 -0.0583708 0.0068228 -0.0009192 0.0180491 0.9998134
119.711490 0.0539721 -0.0788787 -0.0583698 0.0068228 -0.0009192 0.0180491 0.9998134
119.978118 0.0539713 -0.0788765 -0.0583687 0.0068228 -0.0009192 0.0180491 0.9998134
120.244733 0.0539705 -0.0788742 -0.0583676 0.0068228 -0.0009192 0.0180491 0.9998134
120.511342 0.0539696 -0.0788717 -0.0583665 0.0068228 -0.0009192 0.0180491 0.9998134
120.777975 0.0539686 -0.0788695 -0.0583656 0.0068228 -0.0009192 0.0180491 0.9998134
121.044584 0.0539677 -0.0788674 -0.0583648 0.0068228 -0.0009192 0.0180491 0.9998134
